angle=71.23388604059822
collision=None
direction=none
rate=0.10245000000000001
start=3.999999999999995
stop=8.469999999999988
time=8.479999999999864
