angle=62.39085543054909
collision=None
direction=none
rate=0.06726
stop=8.239999999999926
time=8.249999999999869
