angle=73.95199782069884
collision=None
direction=none
rate=0.06726
stop=8.189999999999925
time=8.19999999999987
