angle=70.09828369064893
collision=None
direction=none
rate=0.06726
stop=8.189999999999925
time=8.19999999999987
