angle=7.502596319490444
collision=None
direction=none
rate=0.045472504111558336
stop=9.309999999999905
time=9.319999999999846
