angle=18.133160856731603
collision=None
direction=none
rate=0.06912084018593057
stop=9.309999999999905
time=9.319999999999846
