angle=27.199741285097407
collision=None
direction=none
rate=0.08094500822311668
stop=9.309999999999905
time=9.319999999999846
