angle=35.329440382508416
collision=None
direction=none
rate=0.09276917626030279
stop=9.309999999999905
time=9.319999999999846
