angle=48.972759653279624
collision=None
direction=none
rate=0.11641751233467501
stop=9.309999999999905
time=9.319999999999846
