angle=41.760937059068674
collision=1
direction=none
rate=0.035
stop=8.219999999999926
time=8.229999999999869
