angle=48.78253483839691
collision=1
direction=none
rate=0.035
stop=8.269999999999927
time=8.279999999999868
