angle=63.819812171605385
collision=None
direction=none
rate=0.035
stop=8.269999999999927
time=8.279999999999868
