angle=57.80375532273174
collision=None
direction=none
rate=0.035
stop=8.269999999999927
time=8.279999999999868
