angle=55.79840303977385
collision=None
direction=none
rate=0.035
stop=8.219999999999926
time=8.229999999999869
