angle=59.80910760568962
collision=None
direction=none
rate=0.035
stop=8.269999999999927
time=8.279999999999868
