angle=71.37999027835659
collision=None
direction=none
rate=0.11245000000000002
stop=8.239999999999926
time=8.249999999999869
