angle=79.25529517242974
collision=None
direction=none
rate=0.11745000000000003
stop=8.239999999999926
time=8.249999999999869
