angle=53.056799990072854
collision=1
direction=none
rate=0.08745
stop=8.239999999999926
time=8.249999999999869
