angle=74.67736238933448
collision=None
direction=none
rate=0.11745000000000003
stop=8.289999999999926
time=8.299999999999867
