angle=66.94243215506836
collision=None
direction=none
rate=0.12245000000000003
stop=8.289999999999926
time=8.299999999999867
