angle=17.76169164905552
collision=None
direction=none
rate=0.045
start=3.999999999999995
stop=15.470000000000088
time=15.479999999999714
