angle=-9.167324722093172
collision=None
direction=none
rate=0.035
start=3.999999999999995
stop=15.470000000000088
time=15.479999999999714
