angle=-33.80450991271857
collision=None
direction=none
rate=0.05999999999999999
start=3.999999999999995
stop=15.470000000000088
time=15.479999999999714
