angle=-22.345354010102106
collision=None
direction=none
rate=0.049999999999999996
start=3.999999999999995
stop=15.470000000000088
time=15.479999999999714
