angle=-28.07493196141034
collision=None
direction=none
rate=0.05499999999999999
start=3.999999999999995
stop=15.470000000000088
time=15.479999999999714
