start=3.999999999999995
time=7.57999999999998
