angle=68.00469590724089
collision=None
direction=none
start=3.999999999999995
stop=15.970000000000095
time=15.979999999999704
