angle=-21.772396214971284
collision=None
direction=none
rate=0.049999999999999996
start=3.999999999999995
stop=15.570000000000089
time=15.579999999999712
