angle=-8.021409131831525
collision=None
direction=none
rate=0.030000000000000002
start=3.999999999999995
stop=15.570000000000089
time=15.579999999999712
