angle=40.62648062470963
collision=None
direction=none
rate=0.06499999999999999
start=3.999999999999995
stop=15.570000000000089
time=15.579999999999712
