angle=-5.156620156177409
collision=None
direction=none
rate=0.025
start=3.999999999999995
stop=15.570000000000089
time=15.579999999999712
