angle=58.961130068895976
collision=None
direction=none
rate=0.09000000000000001
start=3.999999999999995
stop=8.469999999999988
time=8.479999999999864
