angle=72.99859604960115
collision=None
direction=none
rate=0.10000000000000002
start=3.999999999999995
stop=8.469999999999988
time=8.479999999999864
