angle=72.71211715203572
collision=None
direction=none
rate=0.10000000000000002
start=3.999999999999995
stop=8.61999999999999
time=8.62999999999986
