ApertureWidth=35
RadiusMultiplier=1.0
VisionMultiplier=1.0
WalkingRate=0.0128
angle=44.57988941111232
collision=None
direction=none
rate=0.033
stop=10.909999999999867
time=10.919999999999812
width=0.4119
