angle=77.80571195074876
collision=None
direction=none
rate=0.06726
stop=8.169999999999925
time=8.17999999999987
