angle=50.829713040399334
collision=None
direction=none
rate=0.06726
stop=8.219999999999926
time=8.229999999999869
