angle=80.0
collision=None
direction=none
rate=0.12245000000000003
stop=8.789999999999926
time=8.799999999999857
