angle=80.0
collision=None
direction=none
rate=0.2074500000000001
stop=8.739999999999926
time=8.749999999999858
