angle=67.08853639282671
collision=None
direction=none
rate=0.11245000000000002
stop=8.739999999999926
time=8.749999999999858
