angle=56.348442523099436
collision=None
direction=none
rate=0.08745
stop=8.689999999999925
time=8.699999999999859
