angle=70.6666578234187
collision=None
direction=none
rate=0.10745000000000002
stop=8.739999999999926
time=8.749999999999858
