angle=71.80684383572904
collision=None
direction=none
rate=0.10245000000000001
stop=8.689999999999925
time=8.699999999999859
