angle=80.0
collision=None
direction=none
rate=0.17245000000000008
stop=8.789999999999926
time=8.799999999999857
