angle=71.23961561854954
collision=None
direction=none
rate=0.10745000000000002
stop=8.739999999999926
time=8.749999999999858
