angle=68.30295115587386
collision=None
direction=none
rate=0.10375159889999996
stop=9.309999999999905
time=9.319999999999846
