angle=53.48769020126977
collision=None
direction=none
rate=0.08794768484999997
stop=9.309999999999905
time=9.319999999999846
