angle=46.335831366762264
collision=None
direction=none
rate=0.07741174214999998
stop=9.309999999999905
time=9.319999999999846
