angle=36.74119344342962
collision=None
direction=none
rate=0.06687579944999998
stop=9.309999999999905
time=9.319999999999846
