angle=50.771197476712246
collision=None
direction=none
rate=0.08267971349999997
stop=9.309999999999905
time=9.319999999999846
