angle=75.15297746543052
collision=None
direction=none
rate=0.10901957024999996
stop=9.309999999999905
time=9.319999999999846
