angle=58.22488883617057
collision=None
direction=none
rate=0.09321565619999997
stop=9.309999999999905
time=9.319999999999846
