angle=42.20229778176312
collision=None
direction=none
rate=0.07214377079999998
stop=9.309999999999905
time=9.319999999999846
