angle=25.640044552548062
collision=None
direction=none
rate=0.061607828099999984
stop=9.309999999999905
time=9.319999999999846
