angle=63.56575252097305
collision=None
direction=none
rate=0.09848362754999997
stop=9.309999999999905
time=9.319999999999846
