angle=-64.00430458163748
collision=None
direction=none
start=3.999999999999995
stop=15.970000000000095
time=15.979999999999704
