angle=59.64008505612601
collision=None
direction=none
rate=0.09745000000000001
stop=8.269999999999927
time=8.279999999999868
