ApertureWidth=40
RadiusMultiplier=3.0
VisionMultiplier=1.137
WalkingRate=0.0128
angle=62.0
collision=None
direction=none
rate=0.020943951023931952
stop=10.6199999999999
time=10.629999999999818
width=0.4776
