ApertureWidth=40
RadiusMultiplier=2.5
VisionMultiplier=1.139
WalkingRate=0.0128
angle=47.59999999999998
collision=None
direction=none
rate=0.020943951023931952
stop=11.089999999999876
time=11.099999999999808
width=0.3926
