ApertureWidth=40
RadiusMultiplier=2.5
VisionMultiplier=1.135
WalkingRate=0.0128
angle=46.40000000000001
collision=None
direction=none
distance=2.7880001068115234
rate=0.013962634015954637
stop=11.079999999999878
time=11.089999999999808
width=0.4083
