ApertureWidth=55
RadiusMultiplier=3.0
VisionMultiplier=1.137
WalkingRate=0.0128
angle=49.99999999999998
collision=None
direction=none
rate=0.020943951023931952
stop=10.949999999999868
time=10.95999999999981
width=0.4891
