ApertureWidth=40
RadiusMultiplier=3.0
VisionMultiplier=1.139
WalkingRate=0.0128
angle=51.200000000000024
collision=None
direction=none
distance=2.352800130844116
rate=0.013962634015954637
stop=10.6099999999999
time=10.619999999999818
width=0.4877
