ApertureWidth=55
RadiusMultiplier=3.0
VisionMultiplier=1.139
WalkingRate=0.0128
angle=14.399999999999999
collision=None
direction=none
rate=0.020943951023931952
stop=11.049999999999883
time=11.059999999999809
width=0.4091
