ApertureWidth=40
RadiusMultiplier=2.5
VisionMultiplier=1.135
WalkingRate=0.0128
angle=65.60000000000001
collision=None
direction=none
rate=0.020943951023931952
stop=10.719999999999894
time=10.729999999999816
width=0.4760
