ApertureWidth=40
RadiusMultiplier=2.5
VisionMultiplier=1.139
WalkingRate=0.0128
angle=48.000000000000014
collision=None
direction=none
distance=2.7880001068115234
rate=0.013962634015954637
stop=11.079999999999878
time=11.089999999999808
width=0.4134
