ApertureWidth=55
RadiusMultiplier=3.0
VisionMultiplier=1.137
WalkingRate=0.0128
angle=16.799999999999997
collision=None
direction=none
rate=0.020943951023931952
stop=11.019999999999884
time=11.02999999999981
width=0.4119
