ApertureWidth=55
RadiusMultiplier=3.0
VisionMultiplier=1.137
WalkingRate=0.0128
angle=40.00000000000001
collision=None
direction=none
distance=2.365600109100342
rate=0.013962634015954637
stop=10.949999999999868
time=10.95999999999981
width=0.4877
