ApertureWidth=40
RadiusMultiplier=3.0
VisionMultiplier=1.137
WalkingRate=0.0128
angle=50.40000000000002
collision=None
direction=none
distance=2.5960001945495605
rate=0.013962634015954637
stop=11.019999999999884
time=11.02999999999981
width=0.4083
