ApertureWidth=40
RadiusMultiplier=3.0
VisionMultiplier=1.139
WalkingRate=0.0128
angle=60.000000000000036
collision=None
direction=none
distance=2.4040000438690186
rate=0.013962634015954637
stop=10.629999999999901
time=10.639999999999818
width=0.4749
