ApertureWidth=55
RadiusMultiplier=2.5
VisionMultiplier=1.139
WalkingRate=0.0128
angle=41.00000000000001
collision=None
direction=none
rate=0.017453292519943295
stop=11.049999999999883
time=11.059999999999809
width=0.4824
