ApertureWidth=55
RadiusMultiplier=3.0
VisionMultiplier=1.135
WalkingRate=0.0128
angle=45.19999999999999
collision=None
direction=none
rate=0.020943951023931952
stop=10.95999999999989
time=10.96999999999981
width=0.4824
