ApertureWidth=40
RadiusMultiplier=2.5
VisionMultiplier=1.135
WalkingRate=0.0128
angle=50.40000000000002
collision=None
direction=none
distance=2.736800193786621
rate=0.013962634015954637
stop=11.059999999999876
time=11.069999999999808
width=0.4372
