ApertureWidth=40
RadiusMultiplier=3.0
VisionMultiplier=1.135
WalkingRate=0.0128
angle=74.00000000000001
collision=None
direction=none
rate=0.020943951023931952
stop=10.649999999999903
time=10.659999999999817
width=0.4776
