ApertureWidth=40
RadiusMultiplier=2.5
VisionMultiplier=1.139
WalkingRate=0.0128
angle=48.79999999999998
collision=None
direction=none
rate=0.020943951023931952
stop=11.109999999999877
time=11.119999999999807
width=0.4020
