ApertureWidth=55
RadiusMultiplier=2.5
VisionMultiplier=1.135
WalkingRate=0.0128
angle=31.199999999999992
collision=None
direction=none
rate=0.020943951023931952
stop=11.029999999999882
time=11.039999999999809
width=0.4776
