ApertureWidth=40
RadiusMultiplier=2.5
VisionMultiplier=1.137
WalkingRate=0.0128
angle=45.600000000000016
collision=None
direction=none
distance=2.608800172805786
rate=0.013962634015954637
stop=10.679999999999888
time=10.689999999999817
width=0.4877
