ApertureWidth=40
RadiusMultiplier=2.5
VisionMultiplier=1.137
WalkingRate=0.0128
angle=51.19999999999998
collision=None
direction=none
rate=0.020943951023931952
stop=11.079999999999878
time=11.089999999999808
width=0.4119
