ApertureWidth=55
RadiusMultiplier=3.0
VisionMultiplier=1.135
WalkingRate=0.0128
angle=16.0
collision=None
direction=none
distance=2.4040000438690186
rate=0.013962634015954637
stop=10.95999999999989
time=10.96999999999981
width=0.4792
