ApertureWidth=40
RadiusMultiplier=3.0
VisionMultiplier=1.135
WalkingRate=0.0128
angle=59.599999999999994
collision=None
direction=none
rate=0.020943951023931952
stop=11.049999999999883
time=11.059999999999809
width=0.4020
