ApertureWidth=40
RadiusMultiplier=2.5
VisionMultiplier=1.135
WalkingRate=0.0128
angle=47.20000000000002
collision=None
direction=none
distance=2.6344001293182373
rate=0.013962634015954637
stop=10.689999999999888
time=10.699999999999816
width=0.4792
