ApertureWidth=40
RadiusMultiplier=2.5
VisionMultiplier=1.137
WalkingRate=0.0128
angle=44.80000000000001
collision=None
direction=none
distance=2.6344001293182373
rate=0.013962634015954637
stop=10.689999999999888
time=10.699999999999816
width=0.4780
