ApertureWidth=40
RadiusMultiplier=3.0
VisionMultiplier=1.135
WalkingRate=0.0128
angle=52.00000000000002
collision=None
direction=none
rate=0.017453292519943295
stop=11.019999999999884
time=11.02999999999981
width=0.4119
