ApertureWidth=40
RadiusMultiplier=2.5
VisionMultiplier=1.137
WalkingRate=0.0128
angle=77.60000000000002
collision=None
direction=none
rate=0.020943951023931952
stop=10.689999999999895
time=10.699999999999816
width=0.4824
