ApertureWidth=40
RadiusMultiplier=2.5
VisionMultiplier=1.137
WalkingRate=0.0128
angle=52.800000000000026
collision=None
direction=none
distance=2.736800193786621
rate=0.013962634015954637
stop=11.06999999999988
time=11.079999999999808
width=0.4372
