ApertureWidth=40
RadiusMultiplier=3.0
VisionMultiplier=1.135
WalkingRate=0.0128
angle=52.800000000000026
collision=None
direction=none
distance=2.544800043106079
rate=0.013962634015954637
stop=11.009999999999886
time=11.01999999999981
width=0.4239
