ApertureWidth=40
RadiusMultiplier=2.5
VisionMultiplier=1.135
WalkingRate=0.0128
angle=48.000000000000014
collision=None
direction=none
distance=2.6344001293182373
rate=0.013962634015954637
stop=10.689999999999888
time=10.699999999999816
width=0.4792
