ApertureWidth=55
RadiusMultiplier=3.0
VisionMultiplier=1.135
WalkingRate=0.0128
angle=19.2
collision=None
direction=none
rate=0.020943951023931952
stop=10.949999999999857
time=10.95999999999981
width=0.4856
