ApertureWidth=40
RadiusMultiplier=3.0
VisionMultiplier=1.137
WalkingRate=0.0128
angle=48.000000000000014
collision=None
direction=none
distance=2.6856000423431396
rate=0.013962634015954637
stop=11.059999999999881
time=11.069999999999808
width=0.3764
