ApertureWidth=55
RadiusMultiplier=2.5
VisionMultiplier=1.139
WalkingRate=0.0128
angle=19.2
collision=None
direction=none
distance=2.8264000415802
rate=0.013962634015954637
stop=11.109999999999877
time=11.119999999999807
width=0.4083
