ApertureWidth=40
RadiusMultiplier=2.5
VisionMultiplier=1.137
WalkingRate=0.0128
angle=42.400000000000006
collision=None
direction=none
distance=2.7624001502990723
rate=0.013962634015954637
stop=11.069999999999876
time=11.079999999999808
width=0.4239
