ApertureWidth=40
RadiusMultiplier=2.5
VisionMultiplier=1.135
WalkingRate=0.0128
angle=60.000000000000036
collision=None
direction=none
rate=0.017453292519943295
stop=11.079999999999878
time=11.089999999999808
width=0.4091
