ApertureWidth=40
RadiusMultiplier=3.0
VisionMultiplier=1.137
WalkingRate=0.0128
angle=56.00000000000003
collision=None
direction=none
rate=0.017453292519943295
stop=11.019999999999884
time=11.02999999999981
width=0.4060
