ApertureWidth=55
RadiusMultiplier=3.0
VisionMultiplier=1.135
WalkingRate=0.0128
angle=24.0
collision=None
direction=none
rate=0.020943951023931952
stop=11.059999999999881
time=11.069999999999808
width=0.3926
