ApertureWidth=40
RadiusMultiplier=3.0
VisionMultiplier=1.135
WalkingRate=0.0128
angle=50.40000000000002
collision=None
direction=none
distance=2.3784000873565674
rate=0.013962634015954637
stop=10.6199999999999
time=10.629999999999818
width=0.4780
