ApertureWidth=55
RadiusMultiplier=3.0
VisionMultiplier=1.139
WalkingRate=0.0128
angle=36.00000000000001
collision=None
direction=none
rate=0.017453292519943295
stop=10.949999999999868
time=10.95999999999981
width=0.4856
