ApertureWidth=40
RadiusMultiplier=3.0
VisionMultiplier=1.135
WalkingRate=0.0128
angle=52.00000000000002
collision=None
direction=none
distance=2.5703999996185303
rate=0.013962634015954637
stop=11.039999999999885
time=11.049999999999809
width=0.4134
