ApertureWidth=55
RadiusMultiplier=3.0
VisionMultiplier=1.135
WalkingRate=0.0128
angle=11.200000000000001
collision=None
direction=none
distance=2.711199998855591
rate=0.013962634015954637
stop=11.08999999999988
time=11.099999999999808
width=0.3764
