ApertureWidth=40
RadiusMultiplier=2.5
VisionMultiplier=1.135
WalkingRate=0.0128
angle=35.2
collision=None
direction=none
distance=2.8776001930236816
rate=0.013962634015954637
stop=11.119999999999875
time=11.129999999999807
width=0.3764
