ApertureWidth=40
RadiusMultiplier=2.5
VisionMultiplier=1.139
WalkingRate=0.0128
angle=52.800000000000026
collision=None
direction=none
distance=2.608800172805786
rate=0.013962634015954637
stop=10.679999999999888
time=10.689999999999817
width=0.4877
