ApertureWidth=55
RadiusMultiplier=3.0
VisionMultiplier=1.135
WalkingRate=0.0128
angle=12.800000000000002
collision=None
direction=none
distance=2.6216001510620117
rate=0.013962634015954637
stop=11.049999999999883
time=11.059999999999809
width=0.4083
