ApertureWidth=40
RadiusMultiplier=3.0
VisionMultiplier=1.137
WalkingRate=0.0128
angle=80.0
collision=None
direction=none
rate=0.020943951023931952
stop=10.619999999999903
time=10.629999999999818
width=0.4856
