ApertureWidth=55
RadiusMultiplier=2.5
VisionMultiplier=1.137
WalkingRate=0.0128
angle=14.4
collision=None
direction=none
distance=2.903200149536133
rate=0.013962634015954637
stop=11.109999999999854
time=11.119999999999807
width=0.3764
