ApertureWidth=40
RadiusMultiplier=3.0
VisionMultiplier=1.139
WalkingRate=0.0128
angle=69.00000000000004
collision=None
direction=none
rate=0.017453292519943295
stop=10.649999999999903
time=10.659999999999817
width=0.4824
