ApertureWidth=40
RadiusMultiplier=3.0
VisionMultiplier=1.137
WalkingRate=0.0128
angle=60.8
collision=None
direction=none
rate=0.020943951023931952
stop=10.6099999999999
time=10.619999999999818
width=0.4856
