ApertureWidth=40
RadiusMultiplier=3.0
VisionMultiplier=1.135
WalkingRate=0.0128
angle=47.20000000000002
collision=None
direction=none
distance=2.5064001083374023
rate=0.013962634015954637
stop=11.029999999999887
time=11.039999999999809
width=0.4372
