ApertureWidth=55
RadiusMultiplier=2.5
VisionMultiplier=1.135
WalkingRate=0.0128
angle=14.4
collision=None
direction=none
distance=2.647200107574463
rate=0.013962634015954637
stop=11.029999999999882
time=11.039999999999809
width=0.4780
