ApertureWidth=40
RadiusMultiplier=2.5
VisionMultiplier=1.135
WalkingRate=0.0128
angle=55.00000000000003
collision=None
direction=none
rate=0.017453292519943295
stop=11.109999999999877
time=11.119999999999807
width=0.4020
