ApertureWidth=40
RadiusMultiplier=3.0
VisionMultiplier=1.135
WalkingRate=0.0128
angle=66.40000000000005
collision=None
direction=none
distance=2.3784000873565674
rate=0.013962634015954637
stop=10.649999999999903
time=10.659999999999817
width=0.4780
