ApertureWidth=40
RadiusMultiplier=2.5
VisionMultiplier=1.137
WalkingRate=0.0128
angle=51.200000000000024
collision=None
direction=none
distance=2.7624001502990723
rate=0.013962634015954637
stop=11.099999999999879
time=11.109999999999808
width=0.4239
