ApertureWidth=55
RadiusMultiplier=2.5
VisionMultiplier=1.139
WalkingRate=0.0128
angle=36.800000000000004
collision=None
direction=none
distance=2.6216001510620117
rate=0.013962634015954637
stop=11.049999999999883
time=11.059999999999809
width=0.4877
