APRatio=None
AgentWidth=0.3785721124696549
AgentWithBarWidth=None
ApertureWidth=70
BarRatio=None
ProductionSpeed=0.01
RadiusMultiplier=3
VisionConstant=0.03
VisionMultiplier=1.36
WalkingRate=0.0129
angle=0.0
collision=None
direction=none
distance=2.730800151824951
rate=0.020943951023931952
stop=10.989999999999851
time=10.99999999999981
width=0.2552
