APRatio=None
AgentWidth=0.35982322869879446
AgentWithBarWidth=None
ApertureWidth=65
BarRatio=None
ProductionSpeed=0.01
RadiusMultiplier=3
VisionConstant=0.03
VisionMultiplier=1.36
WalkingRate=0.0161
angle=0.0
collision=None
direction=none
distance=2.7604000568389893
rate=0.020943951023931952
stop=9.60999999999988
time=9.61999999999984
width=0.2426
