APRatio=None
AgentWidth=0.41517137423734163
AgentWithBarWidth=None
ApertureWidth=55
BarRatio=None
ProductionSpeed=0.01
RadiusMultiplier=3
VisionConstant=0.03
VisionMultiplier=1.36
WalkingRate=0.0161
angle=9.6
collision=None
direction=none
distance=2.5833001136779785
rate=0.020943951023931952
stop=9.229999999999919
time=9.239999999999847
width=0.2799
