APRatio=None
AgentWidth=0.39461503230968403
AgentWithBarWidth=None
ApertureWidth=55
BarRatio=None
ProductionSpeed=0.01
RadiusMultiplier=3
VisionConstant=0.03
VisionMultiplier=1.36
WalkingRate=0.0161
angle=0.0
collision=None
direction=none
distance=2.647700071334839
rate=0.020943951023931952
stop=9.58999999999988
time=9.59999999999984
width=0.2660
