APRatio=None
AgentWidth=0.3785721124696549
AgentWithBarWidth=None
ApertureWidth=45
BarRatio=None
ProductionSpeed=0.01
RadiusMultiplier=3
VisionConstant=0.03
VisionMultiplier=1.36
WalkingRate=0.0129
angle=19.2
collision=None
direction=none
distance=2.6792001724243164
rate=0.020943951023931952
stop=10.669999999999893
time=10.679999999999817
width=0.2552
