APRatio=None
AgentWidth=0.39461503230968403
AgentWithBarWidth=None
ApertureWidth=55
BarRatio=None
ProductionSpeed=0.01
RadiusMultiplier=3
VisionConstant=0.03
VisionMultiplier=1.36
WalkingRate=0.0129
angle=0.0
collision=None
direction=none
distance=2.640500068664551
rate=0.020943951023931952
stop=10.969999999999851
time=10.97999999999981
width=0.2660
