APRatio=None
AgentWidth=0.3887204459687702
AgentWithBarWidth=None
ApertureWidth=70
BarRatio=None
ProductionSpeed=0.01
RadiusMultiplier=3
VisionConstant=0.03
VisionMultiplier=1.36
WalkingRate=0.0129
angle=0.0
collision=None
direction=none
distance=2.6921000480651855
rate=0.020943951023931952
stop=10.979999999999851
time=10.98999999999981
width=0.2621
