APRatio=None
AgentWidth=0.35982322869879446
AgentWithBarWidth=None
ApertureWidth=65
BarRatio=None
ProductionSpeed=0.01
RadiusMultiplier=3
VisionConstant=0.03
VisionMultiplier=1.36
WalkingRate=0.0129
angle=0.0
collision=None
direction=none
distance=2.782400131225586
rate=0.020943951023931952
stop=11.00999999999985
time=11.01999999999981
width=0.2426
