APRatio=None
AgentWidth=0.3785721124696549
AgentWithBarWidth=None
ApertureWidth=45
BarRatio=None
ProductionSpeed=0.01
RadiusMultiplier=3
VisionConstant=0.03
VisionMultiplier=1.36
WalkingRate=0.0161
angle=26.4
collision=None
direction=none
distance=2.696000099182129
rate=0.020943951023931952
stop=9.269999999999916
time=9.279999999999847
width=0.2552
