APRatio=None
AgentWidth=0.4252372019029284
AgentWithBarWidth=None
ApertureWidth=60
BarRatio=None
ProductionSpeed=0.01
RadiusMultiplier=3
VisionConstant=0.03
VisionMultiplier=1.36
WalkingRate=0.0161
angle=0.0
collision=None
direction=none
distance=2.5833001136779785
rate=0.020943951023931952
stop=9.569999999999881
time=9.57999999999984
width=0.2867
