APRatio=None
AgentWidth=0.35982322869879446
AgentWithBarWidth=None
ApertureWidth=45
BarRatio=None
ProductionSpeed=0.01
RadiusMultiplier=3
VisionConstant=0.03
VisionMultiplier=1.36
WalkingRate=0.0129
angle=24.0
collision=None
direction=none
distance=2.7695000171661377
rate=0.020943951023931952
stop=10.65999999999989
time=10.669999999999817
width=0.2426
