APRatio=None
AgentWidth=0.35982322869879446
AgentWithBarWidth=None
ApertureWidth=40
BarRatio=None
ProductionSpeed=0.01
RadiusMultiplier=3
VisionConstant=0.03
VisionMultiplier=1.36
WalkingRate=0.0129
angle=19.2
collision=None
direction=none
distance=2.730800151824951
rate=0.020943951023931952
stop=10.679999999999891
time=10.689999999999817
width=0.2426
