APRatio=None
AgentWidth=0.4252372019029284
AgentWithBarWidth=None
ApertureWidth=40
BarRatio=None
ProductionSpeed=0.01
RadiusMultiplier=3
VisionConstant=0.03
VisionMultiplier=1.36
WalkingRate=0.0161
angle=52.399999999999984
collision=None
direction=none
distance=2.551100015640259
rate=0.020943951023931952
stop=9.24999999999992
time=9.259999999999847
width=0.2867
