APRatio=None
AgentWidth=0.4252372019029284
AgentWithBarWidth=None
ApertureWidth=50
BarRatio=None
ProductionSpeed=0.01
RadiusMultiplier=3
VisionConstant=0.03
VisionMultiplier=1.36
WalkingRate=0.0129
angle=19.2
collision=None
direction=none
distance=2.5631000995635986
rate=0.020943951023931952
stop=10.649999999999897
time=10.659999999999817
width=0.2867
