APRatio=None
AgentWidth=0.41517137423734163
AgentWithBarWidth=None
ApertureWidth=70
BarRatio=None
ProductionSpeed=0.01
RadiusMultiplier=3
VisionConstant=0.03
VisionMultiplier=1.36
WalkingRate=0.0161
angle=0.0
collision=None
direction=none
distance=2.6155002117156982
rate=0.020943951023931952
stop=9.579999999999881
time=9.58999999999984
width=0.2799
