APRatio=None
AgentWidth=0.39461503230968403
AgentWithBarWidth=None
ApertureWidth=40
BarRatio=None
ProductionSpeed=0.01
RadiusMultiplier=3
VisionConstant=0.03
VisionMultiplier=1.36
WalkingRate=0.0161
angle=51.19999999999998
collision=None
direction=none
distance=2.6316001415252686
rate=0.020943951023931952
stop=9.259999999999918
time=9.269999999999847
width=0.2660
