APRatio=None
AgentWidth=0.4252372019029284
AgentWithBarWidth=None
ApertureWidth=45
BarRatio=None
ProductionSpeed=0.01
RadiusMultiplier=3
VisionConstant=0.03
VisionMultiplier=1.36
WalkingRate=0.0129
angle=58.39999999999999
collision=None
direction=none
distance=2.5373001098632812
rate=0.020943951023931952
stop=10.619999999999898
time=10.629999999999818
width=0.2867
