APRatio=None
AgentWidth=0.41517137423734163
AgentWithBarWidth=None
ApertureWidth=55
BarRatio=None
ProductionSpeed=0.01
RadiusMultiplier=3
VisionConstant=0.03
VisionMultiplier=1.36
WalkingRate=0.0129
angle=19.2
collision=None
direction=none
distance=2.588900089263916
rate=0.020943951023931952
stop=10.629999999999896
time=10.639999999999818
width=0.2799
