APRatio=None
AgentWidth=0.3887204459687702
AgentWithBarWidth=None
ApertureWidth=40
BarRatio=None
ProductionSpeed=0.01
RadiusMultiplier=3
VisionConstant=0.03
VisionMultiplier=1.36
WalkingRate=0.0129
angle=41.59999999999999
collision=None
direction=none
distance=2.653400182723999
rate=0.020943951023931952
stop=10.639999999999894
time=10.649999999999817
width=0.2621
