APRatio=None
AgentWidth=0.4252372019029284
AgentWithBarWidth=None
ApertureWidth=70
BarRatio=None
ProductionSpeed=0.01
RadiusMultiplier=3
VisionConstant=0.03
VisionMultiplier=1.36
WalkingRate=0.0129
angle=0.0
collision=None
direction=none
distance=2.588900089263916
rate=0.020943951023931952
stop=10.949999999999852
time=10.95999999999981
width=0.2867
