APRatio=None
AgentWidth=0.41517137423734163
AgentWithBarWidth=None
ApertureWidth=70
BarRatio=None
ProductionSpeed=0.01
RadiusMultiplier=3
VisionConstant=0.03
VisionMultiplier=1.36
WalkingRate=0.0129
angle=0.0
collision=None
direction=none
distance=2.6147000789642334
rate=0.020943951023931952
stop=10.959999999999852
time=10.96999999999981
width=0.2799
