APRatio=None
AgentWidth=0.39461503230968403
AgentWithBarWidth=None
ApertureWidth=40
BarRatio=None
ProductionSpeed=0.01
RadiusMultiplier=3
VisionConstant=0.03
VisionMultiplier=1.36
WalkingRate=0.0129
angle=52.399999999999984
collision=None
direction=none
distance=2.6276001930236816
rate=0.020943951023931952
stop=10.659999999999895
time=10.669999999999817
width=0.2660
