APRatio=None
AgentWidth=0.3887204459687702
AgentWithBarWidth=None
ApertureWidth=50
BarRatio=None
ProductionSpeed=0.01
RadiusMultiplier=3
VisionConstant=0.03
VisionMultiplier=1.36
WalkingRate=0.0161
angle=12.0
collision=None
direction=none
distance=2.663800001144409
rate=0.020943951023931952
stop=9.289999999999917
time=9.299999999999846
width=0.2621
