angle=73.67755103683116
collision=None
direction=none
rate=0.08
stop=8.269999999999927
time=8.279999999999868
