angle=68.67849427431473
collision=None
direction=none
rate=0.0708
stop=8.27999999999992
time=8.289999999999868
