angle=12.891550390443522
collision=None
direction=none
rate=0.0125
stop=9.189999999999907
time=9.199999999999848
