angle=58.67465117133056
collision=None
direction=none
start=3.999999999999995
stop=15.67000000000009
time=15.67999999999971
