angle=14.32394487827058
collision=None
direction=none
rate=0.025
stop=9.159999999999908
time=9.169999999999849
