angle=17.188733853924695
collision=None
direction=none
rate=0.025
stop=9.159999999999908
time=9.169999999999849
