angle=22.91831180523293
collision=None
direction=none
rate=0.025
stop=9.159999999999908
time=9.169999999999849
