angle=-28.002739279223853
collision=1
direction=none
start=3.999999999999995
stop=15.820000000000093
time=15.829999999999707
