angle=-75.86338502525525
collision=None
direction=none
rate=0.10500000000000002
start=3.999999999999995
stop=15.570000000000089
time=15.579999999999712
