angle=-48.93436865410657
collision=None
direction=none
rate=0.075
start=3.999999999999995
stop=15.570000000000089
time=15.579999999999712
