angle=-80.0
collision=None
direction=none
rate=0.14500000000000005
start=3.999999999999995
stop=15.570000000000089
time=15.579999999999712
