angle=-67.84197589342372
collision=None
direction=none
rate=0.09500000000000001
start=3.999999999999995
stop=15.570000000000089
time=15.579999999999712
