angle=69.61380490303118
collision=None
direction=none
rate=0.09033500000000001
stop=10.279999999999896
time=10.289999999999825
