angle=74.11902934192436
collision=None
direction=none
rate=0.09397925000000001
stop=10.279999999999896
time=10.289999999999825
