angle=75.50439831871606
collision=None
direction=none
rate=0.10491200000000002
stop=10.279999999999896
time=10.289999999999825
