angle=74.58081900085492
collision=None
direction=none
rate=0.10855625000000002
stop=10.279999999999896
time=10.289999999999825
