angle=80.0
collision=None
direction=none
rate=0.12677750000000002
stop=10.229999999999896
time=10.239999999999826
