angle=66.73479225011295
collision=None
direction=none
rate=0.09762350000000002
stop=10.279999999999896
time=10.289999999999825
