angle=75.53644098340874
collision=None
direction=none
rate=0.09033500000000001
stop=10.229999999999896
time=10.239999999999826
