angle=80.0
collision=None
direction=none
rate=0.11948900000000003
stop=10.279999999999896
time=10.289999999999825
