angle=32.00313060482726
collision=1
direction=none
start=3.999999999999995
stop=15.820000000000093
time=15.829999999999707
