ApertureWidth=40
RadiusMultiplier=2.5
VisionMultiplier=1.137
WalkingRate=0.0128
angle=57.00000000000003
collision=None
direction=none
rate=0.017453292519943295
stop=10.70999999999989
time=10.719999999999816
width=0.4418
