ApertureWidth=55
RadiusMultiplier=3.0
VisionMultiplier=1.137
WalkingRate=0.0128
angle=16.0
collision=None
direction=none
rate=0.017453292519943295
stop=10.98999999999989
time=10.99999999999981
width=0.4709
