ApertureWidth=40
RadiusMultiplier=2.5
VisionMultiplier=1.135
WalkingRate=0.0128
angle=53.00000000000002
collision=None
direction=none
rate=0.017453292519943295
stop=10.709999999999887
time=10.719999999999816
width=0.4418
