ApertureWidth=40
RadiusMultiplier=3.0
VisionMultiplier=1.135
WalkingRate=0.0128
angle=61.000000000000036
collision=None
direction=none
rate=0.017453292519943295
stop=10.6199999999999
time=10.629999999999818
width=0.4809
