ApertureWidth=55
RadiusMultiplier=3.0
VisionMultiplier=1.137
WalkingRate=0.0128
angle=22.0
collision=None
direction=none
rate=0.017453292519943295
stop=10.949999999999857
time=10.95999999999981
width=0.4843
