ApertureWidth=55
RadiusMultiplier=2.5
VisionMultiplier=1.135
WalkingRate=0.0128
angle=8.0
collision=None
direction=none
rate=0.017453292519943295
stop=11.049999999999883
time=11.059999999999809
width=0.4809
