ApertureWidth=40
RadiusMultiplier=2.5
VisionMultiplier=1.139
WalkingRate=0.0128
angle=64.00000000000004
collision=None
direction=none
rate=0.017453292519943295
stop=10.679999999999888
time=10.689999999999817
width=0.4815
