ApertureWidth=40
RadiusMultiplier=3.0
VisionMultiplier=1.139
WalkingRate=0.0128
angle=70.00000000000004
collision=None
direction=none
rate=0.017453292519943295
stop=10.619999999999903
time=10.629999999999818
width=0.4843
