ApertureWidth=40
RadiusMultiplier=2.5
VisionMultiplier=1.137
WalkingRate=0.0128
angle=46.000000000000014
collision=None
direction=none
rate=0.017453292519943295
stop=11.089999999999876
time=11.099999999999808
width=0.3914
