ApertureWidth=40
RadiusMultiplier=3.0
VisionMultiplier=1.135
WalkingRate=0.0128
angle=60.000000000000036
collision=None
direction=none
rate=0.017453292519943295
stop=10.669999999999899
time=10.679999999999817
width=0.4418
