ApertureWidth=55
RadiusMultiplier=3.0
VisionMultiplier=1.139
WalkingRate=0.0128
angle=43.00000000000001
collision=None
direction=none
rate=0.017453292519943295
stop=10.95999999999989
time=10.96999999999981
width=0.4815
