ApertureWidth=40
RadiusMultiplier=3.0
VisionMultiplier=1.135
WalkingRate=0.0128
angle=50.00000000000002
collision=None
direction=none
rate=0.017453292519943295
stop=11.029999999999882
time=11.039999999999809
width=0.3919
