ApertureWidth=40
RadiusMultiplier=3.0
VisionMultiplier=1.135
WalkingRate=0.0128
angle=74.00000000000006
collision=None
direction=none
rate=0.017453292519943295
stop=10.649999999999903
time=10.659999999999817
width=0.4832
