angle=26.92901637114869
collision=None
direction=none
rate=0.047
stop=9.679999999999895
time=9.689999999999838
