angle=40.7668552845167
collision=1
direction=none
rate=0.015
stop=8.219999999999926
time=8.229999999999869
