angle=38.095963798248455
collision=1
direction=none
rate=0.015
stop=8.269999999999927
time=8.279999999999868
