angle=37.81521447863435
collision=1
direction=none
rate=0.015
stop=8.269999999999927
time=8.279999999999868
