angle=29.220847551671998
collision=1
direction=none
rate=0.015
stop=8.219999999999926
time=8.229999999999869
