angle=65.10610242167407
collision=None
direction=none
rate=0.045
stop=8.219999999999926
time=8.229999999999869
