angle=66.54422648745243
collision=None
direction=none
rate=0.045
stop=8.269999999999927
time=8.279999999999868
