angle=52.22028160918184
collision=1
direction=none
rate=0.045
stop=8.269999999999927
time=8.279999999999868
