angle=51.641594236099714
collision=1
direction=none
rate=0.045
stop=8.219999999999926
time=8.229999999999869
