angle=70.09828369064893
collision=None
direction=none
rate=0.06726
stop=8.289999999999926
time=8.299999999999867
