angle=70.09828369064893
collision=None
direction=none
rate=0.06726
stop=8.239999999999926
time=8.249999999999869
