angle=58.537141300499165
collision=None
direction=none
rate=0.06726
stop=8.239999999999926
time=8.249999999999869
