angle=73.95199782069884
collision=None
direction=none
rate=0.06726
stop=8.289999999999926
time=8.299999999999867
