angle=54.68342717044926
collision=None
direction=none
rate=0.06726
stop=8.239999999999926
time=8.249999999999869
