angle=51.54820211549338
collision=None
direction=none
rate=0.06118
stop=9.859999999999891
time=9.869999999999834
