angle=21.032134743662258
collision=None
direction=none
rate=0.06118
stop=9.859999999999891
time=9.869999999999834
