angle=80.0
collision=None
direction=none
rate=0.17745000000000008
stop=8.159999999999926
time=8.16999999999987
