angle=63.79116428184882
collision=None
direction=none
rate=0.09245
stop=8.159999999999926
time=8.16999999999987
