ApertureWidth=45
ProductionSpeed=0.01
RadiusMultiplier=3.0
VisionMultiplier=1.139
WalkingRate=0.0161
angle=48.79999999999998
collision=None
direction=none
distance=2.647700071334839
rate=0.020943951023931952
stop=9.619999999999907
time=9.62999999999984
width=0.3981
