ApertureWidth=70
ProductionSpeed=0.01
RadiusMultiplier=3.0
VisionMultiplier=1.139
WalkingRate=0.0161
angle=26.4
collision=None
direction=none
distance=2.6799001693725586
rate=0.020943951023931952
stop=9.599999999999905
time=9.60999999999984
width=0.3995
