ApertureWidth=60
RadiusMultiplier=3.0
VisionMultiplier=1.139
WalkingRate=0.0177
angle=4.8
collision=None
direction=none
distance=2.758700132369995
rate=0.020943951023931952
stop=9.109999999999912
time=9.11999999999985
width=0.3748
