ApertureWidth=70
ProductionSpeed=0.01
RadiusMultiplier=3.0
VisionMultiplier=1.139
WalkingRate=0.0128
angle=4.8
collision=None
direction=none
distance=2.6216001510620117
rate=0.020943951023931952
stop=11.029999999999855
time=11.039999999999809
width=0.4114
