ApertureWidth=60
RadiusMultiplier=3.0
VisionMultiplier=1.139
WalkingRate=0.0128
angle=12.0
collision=None
direction=none
distance=2.736800193786621
rate=0.020943951023931952
stop=11.059999999999855
time=11.069999999999808
width=0.3748
