ApertureWidth=40
RadiusMultiplier=3.0
VisionMultiplier=1.139
WalkingRate=0.0177
angle=41.59999999999999
collision=None
direction=none
distance=2.7056000232696533
rate=0.020943951023931952
stop=9.129999999999914
time=9.13999999999985
width=0.3748
