ApertureWidth=70
RadiusMultiplier=3.0
VisionMultiplier=1.139
WalkingRate=0.0177
angle=12.0
collision=None
direction=none
distance=2.794100046157837
rate=0.020943951023931952
stop=9.139999999999912
time=9.14999999999985
width=0.3748
