ApertureWidth=45
RadiusMultiplier=3.0
VisionMultiplier=1.139
WalkingRate=0.0128
angle=40.39999999999999
collision=None
direction=none
distance=2.6216001510620117
rate=0.020943951023931952
stop=11.049999999999883
time=11.059999999999809
width=0.3983
