ApertureWidth=40
ProductionSpeed=0.01
RadiusMultiplier=3.0
VisionMultiplier=1.139
WalkingRate=0.0161
angle=57.19999999999999
collision=None
direction=none
distance=2.5833001136779785
rate=0.020943951023931952
stop=9.609999999999909
time=9.61999999999984
width=0.4114
