ApertureWidth=60
RadiusMultiplier=3.0
VisionMultiplier=1.139
WalkingRate=0.0177
angle=12.0
collision=None
direction=none
distance=2.7056000232696533
rate=0.020943951023931952
stop=9.089999999999897
time=9.09999999999985
width=0.3847
