ApertureWidth=50
ProductionSpeed=0.01
RadiusMultiplier=3.0
VisionMultiplier=1.139
WalkingRate=0.0161
angle=16.799999999999997
collision=None
direction=none
distance=2.6155002117156982
rate=0.020943951023931952
stop=9.589999999999907
time=9.59999999999984
width=0.4133
