ApertureWidth=70
RadiusMultiplier=3.0
VisionMultiplier=1.139
WalkingRate=0.0177
angle=14.399999999999999
collision=None
direction=none
distance=2.6702001094818115
rate=0.020943951023931952
stop=9.099999999999914
time=9.10999999999985
width=0.3983
