ApertureWidth=45
ProductionSpeed=0.01
RadiusMultiplier=3.0
VisionMultiplier=1.139
WalkingRate=0.0128
angle=46.399999999999984
collision=None
direction=none
distance=2.5960001945495605
rate=0.020943951023931952
stop=11.019999999999884
time=11.02999999999981
width=0.4133
