ApertureWidth=40
RadiusMultiplier=3.0
VisionMultiplier=1.139
WalkingRate=0.0177
angle=43.999999999999986
collision=None
direction=none
distance=2.6348001956939697
rate=0.020943951023931952
stop=9.119999999999916
time=9.12999999999985
width=0.3985
