angle=-40.00195662801704
collision=1
direction=none
start=3.999999999999995
stop=15.720000000000091
time=15.729999999999709
