angle=20.97609947129847
collision=None
direction=none
rate=0.0366102
stop=11.27999999999987
time=11.289999999999804
