angle=12.58565968277908
collision=None
direction=none
rate=0.0366102
stop=11.27999999999987
time=11.289999999999804
