angle=16.78087957703877
collision=None
direction=none
rate=0.0366102
stop=11.27999999999987
time=11.289999999999804
