angle=17.188733853924695
collision=None
direction=none
rate=0.0125
stop=11.099999999999868
time=11.109999999999808
