angle=8.594366926962348
collision=None
direction=none
rate=0.0125
stop=11.099999999999868
time=11.109999999999808
