ApertureWidth=55
RadiusMultiplier=2.5
VisionMultiplier=1.137
WalkingRate=0.0128
angle=40.39999999999999
collision=None
direction=none
rate=0.020943951023931952
stop=11.019999999999884
time=11.02999999999981
width=0.4921
