ApertureWidth=55
RadiusMultiplier=3.0
VisionMultiplier=1.135
WalkingRate=0.0128
angle=12.0
collision=None
direction=none
rate=0.020943951023931952
stop=11.029999999999882
time=11.039999999999809
width=0.3999
