ApertureWidth=40
RadiusMultiplier=2.5
VisionMultiplier=1.139
WalkingRate=0.0128
angle=69.2
collision=None
direction=none
rate=0.020943951023931952
stop=10.709999999999896
time=10.719999999999816
width=0.4921
