ApertureWidth=55
RadiusMultiplier=2.5
VisionMultiplier=1.139
WalkingRate=0.0128
angle=43.999999999999986
collision=None
direction=none
rate=0.020943951023931952
stop=11.019999999999884
time=11.02999999999981
width=0.4921
