ApertureWidth=40
RadiusMultiplier=3.0
VisionMultiplier=1.139
WalkingRate=0.0128
angle=65.60000000000001
collision=None
direction=none
rate=0.020943951023931952
stop=10.629999999999901
time=10.639999999999818
width=0.4678
