ApertureWidth=55
RadiusMultiplier=2.5
VisionMultiplier=1.135
WalkingRate=0.0128
angle=24.0
collision=None
direction=none
rate=0.020943951023931952
stop=11.099999999999879
time=11.109999999999808
width=0.4270
