ApertureWidth=55
RadiusMultiplier=3.0
VisionMultiplier=1.135
WalkingRate=0.0128
angle=16.799999999999997
collision=None
direction=none
rate=0.020943951023931952
stop=10.98999999999989
time=10.99999999999981
width=0.4678
