ApertureWidth=40
RadiusMultiplier=3.0
VisionMultiplier=1.139
WalkingRate=0.0128
angle=58.39999999999999
collision=None
direction=none
rate=0.020943951023931952
stop=11.009999999999886
time=11.01999999999981
width=0.4270
