ApertureWidth=55
RadiusMultiplier=3.0
VisionMultiplier=1.137
WalkingRate=0.0128
angle=19.2
collision=None
direction=none
rate=0.020943951023931952
stop=10.98999999999989
time=10.99999999999981
width=0.4678
