ApertureWidth=55
RadiusMultiplier=2.5
VisionMultiplier=1.137
WalkingRate=0.0128
angle=16.799999999999997
collision=None
direction=none
rate=0.020943951023931952
stop=11.059999999999881
time=11.069999999999808
width=0.4678
