angle=24.029849927786724
collision=None
direction=none
rate=0.05244999999999999
stop=9.839999999999895
time=9.849999999999834
