angle=2.5725805001373963
collision=None
direction=none
rate=0.027450000000000002
stop=9.839999999999895
time=9.849999999999834
