angle=7.71774150041219
collision=None
direction=none
rate=0.03245
stop=9.839999999999895
time=9.849999999999834
