angle=36.62346226476222
collision=None
direction=none
rate=0.062449999999999985
stop=9.839999999999895
time=9.849999999999834
