angle=68.96497317188017
collision=None
direction=none
rate=0.06
stop=8.269999999999927
time=8.279999999999868
