angle=49.905532116853315
collision=1
direction=none
rate=0.08745
stop=8.769999999999925
time=8.779999999999857
