angle=80.0
collision=None
direction=none
rate=0.12245000000000003
stop=8.719999999999924
time=8.729999999999858
