angle=62.21839513421471
collision=None
direction=none
rate=0.09745000000000001
stop=8.819999999999926
time=8.829999999999856
