angle=59.067127260995186
collision=None
direction=none
rate=0.08745
stop=8.719999999999924
time=8.729999999999858
