angle=51.05144770711497
collision=None
direction=none
rate=0.09245
stop=8.769999999999925
time=8.779999999999857
