angle=54.62956913770696
collision=None
direction=none
rate=0.08745
stop=8.239999999999926
time=8.249999999999869
