angle=64.36412207697964
collision=None
direction=none
rate=0.10245000000000001
stop=8.239999999999926
time=8.249999999999869
