angle=73.95830035644529
collision=None
direction=none
rate=0.11245000000000002
stop=8.239999999999926
time=8.249999999999869
