angle=79.40139941018812
collision=None
direction=none
rate=0.13245000000000004
stop=8.239999999999926
time=8.249999999999869
