angle=80.0
collision=None
direction=none
rate=0.13245000000000004
stop=8.679999999999925
time=8.68999999999986
