angle=66.50984901974458
collision=None
direction=none
rate=0.09745000000000001
stop=8.679999999999925
time=8.68999999999986
