angle=77.53642178703728
collision=None
direction=none
rate=0.10745000000000002
stop=8.679999999999925
time=8.68999999999986
