angle=74.67736238933448
collision=None
direction=none
rate=0.12245000000000003
stop=8.779999999999927
time=8.789999999999857
