angle=57.634732773168125
collision=None
direction=none
rate=0.08745
stop=8.679999999999925
time=8.68999999999986
