angle=54.91604803527237
collision=None
direction=none
rate=0.08745
stop=8.729999999999926
time=8.739999999999858
