angle=52.33773795718367
collision=None
direction=none
rate=0.08245
stop=8.729999999999926
time=8.739999999999858
