angle=55.34290159264483
collision=None
direction=none
rate=0.08245
stop=8.679999999999925
time=8.68999999999986
