angle=-28.07493196141034
collision=None
direction=none
rate=0.05499999999999999
start=3.999999999999995
stop=15.570000000000089
time=15.579999999999712
