angle=-37.24225668350351
collision=None
direction=none
rate=0.05999999999999999
start=3.999999999999995
stop=15.570000000000089
time=15.579999999999712
