angle=14.32394487827058
collision=None
direction=none
rate=0.04
start=3.999999999999995
stop=15.570000000000089
time=15.579999999999712
