angle=80.0
collision=None
direction=none
rate=0.12745000000000004
stop=8.729999999999922
time=8.739999999999858
