angle=76.8173597541481
collision=None
direction=none
rate=0.10745000000000002
stop=8.729999999999922
time=8.739999999999858
