angle=52.31481964537842
collision=None
direction=none
rate=0.047
stop=11.11999999999987
time=11.129999999999807
