angle=71.16513110518252
collision=None
direction=none
rate=0.047
stop=11.11999999999987
time=11.129999999999807
