angle=48.361410858975745
collision=1
direction=none
rate=0.075
start=3.999999999999995
stop=8.61999999999999
time=8.62999999999986
