angle=76.56525832429055
collision=None
direction=none
rate=0.055
stop=8.269999999999927
time=8.279999999999868
