angle=64.38131081083358
collision=None
direction=none
rate=0.055
stop=8.269999999999927
time=8.279999999999868
