start=3.999999999999995
time=3.999999999999995
