angle=74.02992008083665
collision=None
direction=none
rate=0.041
stop=9.159999999999908
time=9.169999999999849
