angle=78.11510916011942
collision=None
direction=none
rate=0.12245000000000003
stop=8.799999999999924
time=8.809999999999857
