angle=62.50487403178013
collision=None
direction=none
rate=0.09745000000000001
stop=8.779999999999923
time=8.789999999999857
