angle=50.76496880954956
collision=None
direction=none
rate=0.08245
stop=8.779999999999923
time=8.789999999999857
