angle=80.0
collision=None
direction=none
rate=0.13245000000000004
stop=8.749999999999924
time=8.759999999999858
