angle=56.7752960804719
collision=None
direction=none
rate=0.08745
stop=8.779999999999923
time=8.789999999999857
