angle=59.067127260995186
collision=None
direction=none
rate=0.09245
stop=8.779999999999923
time=8.789999999999857
