angle=80.0
collision=None
direction=none
rate=0.11745000000000003
stop=8.799999999999924
time=8.809999999999857
