angle=56.921400318230255
collision=None
direction=none
rate=0.09245
stop=8.729999999999922
time=8.739999999999858
