angle=79.54750364794647
collision=None
direction=none
rate=0.12745000000000004
stop=8.799999999999924
time=8.809999999999857
