angle=50.9053434693566
collision=None
direction=none
rate=0.07744999999999999
stop=8.729999999999922
time=8.739999999999858
