angle=71.69511706567855
collision=None
direction=none
rate=0.045
stop=8.269999999999927
time=8.279999999999868
