angle=56.07915235938794
collision=1
direction=none
rate=0.045
stop=8.269999999999927
time=8.279999999999868
