angle=68.97070274983146
collision=None
direction=none
rate=0.045
stop=8.219999999999926
time=8.229999999999869
