angle=71.54901282792018
collision=None
direction=none
rate=0.045
stop=8.319999999999927
time=8.329999999999867
