angle=62.21839513421471
collision=None
direction=none
rate=0.09745000000000001
stop=8.269999999999927
time=8.279999999999868
