angle=71.52609451611495
collision=None
direction=none
rate=0.11745000000000003
stop=8.219999999999926
time=8.229999999999869
