angle=72.23942697105281
collision=None
direction=none
rate=0.11245000000000002
stop=8.269999999999927
time=8.279999999999868
