angle=76.8230893320994
collision=None
direction=none
rate=0.12245000000000003
stop=8.269999999999927
time=8.279999999999868
