APRatio=1.0
AgentWidth=0.48908245030659164
AgentWithBarWidth=0.48908245030659164
ApertureWidth=0.48908245030659164
BarRatio=1.0
ProductionSpeed=0.01
RadiusMultiplier=1.9
VisionMultiplier=1.1
WalkingRate=0.0128
angle=98.00000000000004
collision=None
direction=none
distance=1.2776000499725342
rate=0.020943951023931952
stop=10.32999999999994
time=10.339999999999824
width=1.3438
