APRatio=0.9
AgentWidth=0.48908245030659164
AgentWithBarWidth=0.48908245030659164
ApertureWidth=0.44017420527593254
BarRatio=1.0
ProductionSpeed=0.01
RadiusMultiplier=1.9
VisionMultiplier=1.1
WalkingRate=0.0128
angle=110.0
collision=None
direction=none
distance=1.3416000604629517
rate=0.020943951023931952
stop=10.319999999999917
time=10.329999999999824
width=1.3114
