APRatio=1.1
AgentWidth=0.48908245030659164
AgentWithBarWidth=0.7336236754598875
ApertureWidth=0.8069860430058763
BarRatio=1.5
ProductionSpeed=0.01
RadiusMultiplier=1.9
VisionMultiplier=1.1
WalkingRate=0.0128
angle=77.60000000000002
collision=None
direction=none
distance=2.3015999794006348
rate=0.020943951023931952
stop=10.609999999999905
time=10.619999999999818
width=0.8063
