APRatio=1.0
AgentWidth=0.4831529723297704
AgentWithBarWidth=0.4831529723297704
ApertureWidth=0.4831529723297704
BarRatio=1.0
ProductionSpeed=0.01
RadiusMultiplier=1.9
VisionMultiplier=1.1
WalkingRate=0.0128
angle=7.199999999999999
collision=None
direction=none
distance=2.8776001930236816
rate=0.020943951023931952
stop=11.099999999999854
time=11.109999999999808
width=0.5246
