APRatio=1.1
AgentWidth=0.48656399817937723
AgentWithBarWidth=0.48656399817937723
ApertureWidth=0.535220397997315
BarRatio=1.0
ProductionSpeed=0.01
RadiusMultiplier=1.9
VisionMultiplier=1.1
WalkingRate=0.0128
angle=100.40000000000005
collision=None
direction=none
distance=1.3160001039505005
rate=0.020943951023931952
stop=10.309999999999917
time=10.319999999999824
width=1.3300
