APRatio=0.9
AgentWidth=0.4831529723297704
AgentWithBarWidth=0.4831529723297704
ApertureWidth=0.43483767509679333
BarRatio=1.0
ProductionSpeed=0.01
RadiusMultiplier=1.9
VisionMultiplier=1.1
WalkingRate=0.0128
angle=14.399999999999999
collision=None
direction=none
distance=2.903200149536133
rate=0.020943951023931952
stop=11.109999999999854
time=11.119999999999807
width=0.5042
