APRatio=1.1
AgentWidth=0.48656399817937723
AgentWithBarWidth=1.216409995448443
ApertureWidth=1.3380509949932875
BarRatio=2.5
ProductionSpeed=0.01
RadiusMultiplier=1.9
VisionMultiplier=1.1
WalkingRate=0.0128
angle=102.80000000000005
collision=None
direction=none
distance=1.3160001039505005
rate=0.020943951023931952
stop=10.309999999999928
time=10.319999999999824
width=1.3300
