APRatio=1.0
AgentWidth=0.48908245030659164
AgentWithBarWidth=1.2227061257664793
ApertureWidth=1.2227061257664793
BarRatio=2.5
ProductionSpeed=0.01
RadiusMultiplier=1.9
VisionMultiplier=1.1
WalkingRate=0.0128
angle=92.00000000000004
collision=None
direction=none
distance=2.3015999794006348
rate=0.020943951023931952
stop=10.609999999999905
time=10.619999999999818
width=0.8063
