angle=79.82825296756057
collision=None
direction=none
rate=0.11745000000000003
stop=8.259999999999927
time=8.269999999999868
