angle=63.218206486717996
collision=None
direction=none
rate=0.09245
stop=8.259999999999927
time=8.269999999999868
