angle=-52.00313060482726
collision=1
direction=none
start=3.999999999999995
stop=15.720000000000091
time=15.729999999999709
