angle=67.08853639282671
collision=None
direction=none
rate=0.11245000000000002
stop=8.279999999999925
time=8.289999999999868
