angle=68.52093088065378
collision=None
direction=none
rate=0.12245000000000003
stop=8.229999999999924
time=8.239999999999869
