angle=36.62346226476222
collision=1
direction=none
rate=0.07244999999999999
stop=8.259999999999925
time=8.269999999999868
