angle=55.92158896572696
collision=None
direction=none
rate=0.10245000000000001
stop=8.259999999999925
time=8.269999999999868
