angle=80.0
collision=None
direction=none
rate=0.12745000000000004
stop=8.309999999999926
time=8.319999999999867
