angle=61.35895844151848
collision=None
direction=none
rate=0.10745000000000002
stop=8.259999999999925
time=8.269999999999868
