angle=59.49971039631896
collision=None
direction=none
rate=0.09745000000000001
stop=8.309999999999926
time=8.319999999999867
