angle=47.473326276522975
collision=None
direction=none
rate=0.08245
stop=8.259999999999925
time=8.269999999999868
