angle=65.79651656480671
collision=None
direction=none
rate=0.10745000000000002
stop=8.309999999999926
time=8.319999999999867
