angle=62.50487403178013
collision=None
direction=none
rate=0.09745000000000001
stop=8.259999999999925
time=8.269999999999868
