angle=79.25529517242974
collision=None
direction=none
rate=0.11245000000000002
stop=8.259999999999925
time=8.269999999999868
