angle=73.95830035644529
collision=None
direction=none
rate=0.10745000000000002
stop=8.259999999999925
time=8.269999999999868
