angle=19.73839604225686
collision=1
direction=none
rate=0.062449999999999985
stop=8.259999999999925
time=8.269999999999868
