angle=66.36947435993753
collision=None
direction=none
rate=0.10745000000000002
stop=8.209999999999924
time=8.21999999999987
