angle=76.8230893320994
collision=None
direction=none
rate=0.11245000000000002
stop=8.259999999999925
time=8.269999999999868
