angle=50.05163635461168
collision=1
direction=none
rate=0.08745
stop=8.259999999999925
time=8.269999999999868
