angle=80.0
collision=None
direction=none
rate=0.12245000000000003
stop=8.259999999999925
time=8.269999999999868
