angle=79.54177406999516
collision=None
direction=none
rate=0.11245000000000002
stop=8.209999999999924
time=8.21999999999987
