angle=59.21323149875355
collision=1
direction=none
rate=0.10245000000000001
stop=8.309999999999926
time=8.319999999999867
