angle=78.24975424197515
collision=None
direction=none
rate=0.11745000000000003
stop=8.259999999999925
time=8.269999999999868
