angle=49.20938839576937
collision=1
direction=none
rate=0.055
stop=8.269999999999927
time=8.279999999999868
