angle=76.70563298409759
collision=None
direction=none
rate=0.055
stop=8.219999999999926
time=8.229999999999869
