angle=21.74947790316605
collision=1
direction=none
rate=0.055
stop=8.219999999999926
time=8.229999999999869
