angle=71.07540591446504
collision=None
direction=none
rate=0.09397925000000001
stop=10.299999999999892
time=10.309999999999825
