angle=73.78980779284218
collision=None
direction=none
rate=0.10126775000000002
stop=10.299999999999892
time=10.309999999999825
