angle=57.00956419895601
collision=None
direction=none
rate=0.07940225000000001
stop=10.299999999999892
time=10.309999999999825
