angle=63.97620100178632
collision=None
direction=none
rate=0.07940225000000001
stop=10.249999999999892
time=10.259999999999826
