angle=72.28401741145888
collision=None
direction=none
rate=0.09033500000000001
stop=10.249999999999892
time=10.259999999999826
