angle=52.4159610201639
collision=None
direction=none
rate=0.07211375
stop=10.249999999999892
time=10.259999999999826
