angle=70.03140519201227
collision=None
direction=none
rate=0.09033500000000001
stop=10.299999999999892
time=10.309999999999825
