angle=75.99823064233931
collision=None
direction=none
rate=0.09397925000000001
stop=10.249999999999892
time=10.259999999999826
