angle=66.89940302465402
collision=None
direction=none
rate=0.08669075000000001
stop=10.299999999999892
time=10.309999999999825
