angle=79.71244387321975
collision=None
direction=none
rate=0.09762350000000002
stop=10.249999999999892
time=10.259999999999826
