angle=66.646413510214
collision=None
direction=none
rate=0.08304650000000001
stop=10.249999999999892
time=10.259999999999826
