angle=67.94340374710679
collision=None
direction=none
rate=0.08669075000000001
stop=10.299999999999892
time=10.309999999999825
