angle=75.1630300643771
collision=None
direction=none
rate=0.09033500000000001
stop=10.249999999999892
time=10.259999999999826
