angle=80.0
collision=None
direction=none
rate=0.10491200000000002
stop=10.299999999999892
time=10.309999999999825
