angle=73.49262890845269
collision=None
direction=none
rate=0.08669075000000001
stop=10.249999999999892
time=10.259999999999826
