angle=56.33897439553488
collision=None
direction=none
rate=0.075758
stop=10.249999999999892
time=10.259999999999826
