angle=80.0
collision=None
direction=none
rate=0.10491200000000002
stop=10.249999999999892
time=10.259999999999826
