angle=80.0
collision=None
direction=none
rate=0.17745000000000008
stop=8.769999999999925
time=8.779999999999857
