angle=80.0
collision=None
direction=none
rate=0.1924500000000001
stop=8.819999999999926
time=8.829999999999856
