angle=80.0
collision=None
direction=none
rate=0.13245000000000004
stop=8.869999999999926
time=8.879999999999855
