angle=72.52590586861824
collision=None
direction=none
rate=0.10745000000000002
stop=8.719999999999924
time=8.729999999999858
