angle=80.0
collision=None
direction=none
rate=0.16245000000000007
stop=8.819999999999926
time=8.829999999999856
