angle=59.3593357365119
collision=None
direction=none
rate=0.11245000000000002
stop=8.259999999999927
time=8.269999999999868
