angle=57.067504555988606
collision=None
direction=none
rate=0.09745000000000001
stop=8.259999999999927
time=8.269999999999868
