angle=67.51538995019918
collision=None
direction=none
rate=0.10745000000000002
stop=8.209999999999926
time=8.21999999999987
