angle=77.10956822966482
collision=None
direction=none
rate=0.13745000000000004
stop=8.209999999999926
time=8.21999999999987
