angle=60.359147089015195
collision=None
direction=none
rate=0.10745000000000002
stop=8.259999999999927
time=8.269999999999868
