angle=76.8230893320994
collision=None
direction=none
rate=0.11745000000000003
stop=8.209999999999926
time=8.21999999999987
