angle=80.0
collision=None
direction=none
rate=0.10745000000000002
stop=8.159999999999922
time=8.16999999999987
