angle=75.244590606514
collision=None
direction=none
rate=0.10745000000000002
stop=8.169999999999925
time=8.17999999999987
