angle=59.067127260995186
collision=None
direction=none
rate=0.09245
stop=8.159999999999922
time=8.16999999999987
