angle=80.0
collision=None
direction=none
rate=0.11245000000000002
stop=8.169999999999925
time=8.17999999999987
