angle=69.94759579052952
collision=None
direction=none
rate=0.10245000000000001
stop=8.159999999999922
time=8.16999999999987
