angle=48.75961652659167
collision=None
direction=none
rate=0.07744999999999999
stop=11.369999999999868
time=11.379999999999802
