angle=45.46797399356509
collision=None
direction=none
rate=0.07244999999999999
stop=11.369999999999868
time=11.379999999999802
