angle=36.0505044696314
collision=None
direction=none
rate=0.062449999999999985
stop=11.369999999999868
time=11.379999999999802
