angle=38.62308496976879
collision=None
direction=none
rate=0.062449999999999985
stop=11.369999999999868
time=11.379999999999802
