angle=46.75426424363379
collision=None
direction=none
rate=0.07244999999999999
stop=11.369999999999868
time=11.379999999999802
