angle=54.05661134257614
collision=None
direction=none
rate=0.08245
stop=11.369999999999868
time=11.379999999999802
