angle=63.218206486717996
collision=None
direction=none
rate=0.09245
stop=11.369999999999868
time=11.379999999999802
