angle=26.029472632793293
collision=None
direction=none
rate=0.05244999999999999
stop=11.369999999999868
time=11.379999999999802
