angle=42.88966391547639
collision=None
direction=none
rate=0.06744999999999998
stop=11.369999999999868
time=11.379999999999802
