angle=29.467219403578238
collision=None
direction=none
rate=0.05744999999999999
stop=11.369999999999868
time=11.379999999999802
