collision=None
start=3.999999999999995
stop=15.370000000000086
time=15.379999999999717
