angle=80.0
collision=None
direction=none
rate=0.12245000000000003
stop=8.159999999999922
time=8.16999999999987
