angle=64.07764317941424
collision=None
direction=none
rate=0.09745000000000001
stop=8.159999999999922
time=8.16999999999987
