angle=53.79878033476727
collision=None
direction=none
rate=0.025
stop=8.269999999999927
time=8.279999999999868
