angle=46.63680789563198
collision=None
direction=none
rate=0.025
stop=8.269999999999927
time=8.279999999999868
