angle=50.93399135911315
collision=1
direction=none
rate=0.025
stop=8.219999999999926
time=8.229999999999869
