angle=41.33981307964751
collision=1
direction=none
rate=0.025
stop=8.219999999999926
time=8.229999999999869
