angle=46.63680789563198
collision=None
direction=none
rate=0.025
stop=8.219999999999926
time=8.229999999999869
