angle=46.78291213339034
collision=1
direction=none
rate=0.025
stop=8.219999999999926
time=8.229999999999869
