angle=47.06939103095575
collision=1
direction=none
rate=0.025
stop=8.269999999999927
time=8.279999999999868
