angle=56.66356931042139
collision=None
direction=none
rate=0.025
stop=8.269999999999927
time=8.279999999999868
