angle=59.94375268754534
collision=None
direction=none
rate=0.08
stop=8.269999999999927
time=8.279999999999868
