angle=48.07493196141034
collision=1
direction=none
rate=0.075
start=3.999999999999995
stop=8.61999999999999
time=8.62999999999986
