angle=73.38534256131446
collision=None
direction=none
rate=0.11245000000000002
stop=8.249999999999927
time=8.259999999999868
