angle=80.0
collision=None
direction=none
rate=0.15245000000000006
stop=8.299999999999928
time=8.309999999999867
