angle=72.52590586861824
collision=None
direction=none
rate=0.11245000000000002
stop=8.199999999999926
time=8.20999999999987
