ApertureWidth=45
RadiusMultiplier=3.0
VisionMultiplier=1.139
WalkingRate=0.0177
angle=47.59999999999998
collision=None
direction=none
distance=2.544800043106079
rate=0.020943951023931952
stop=11.009999999999886
time=11.01999999999981
width=0.4249
