ApertureWidth=70
RadiusMultiplier=3.0
VisionMultiplier=1.139
WalkingRate=0.0128
angle=12.0
collision=None
direction=none
distance=2.5703999996185303
rate=0.020943951023931952
stop=11.039999999999885
time=11.049999999999809
width=0.4249
