ApertureWidth=50
RadiusMultiplier=3.0
VisionMultiplier=1.139
WalkingRate=0.0177
angle=26.4
collision=None
direction=none
distance=2.647200107574463
rate=0.020943951023931952
stop=11.029999999999882
time=11.039999999999809
width=0.3912
