ApertureWidth=50
RadiusMultiplier=3.0
VisionMultiplier=1.139
WalkingRate=0.0177
angle=28.799999999999997
collision=None
direction=none
distance=2.5960001945495605
rate=0.020943951023931952
stop=11.019999999999884
time=11.02999999999981
width=0.4076
