angle=52.00313060482726
collision=None
direction=none
start=3.999999999999995
stop=15.62000000000009
time=15.629999999999711
