angle=49.905532116853315
collision=1
direction=none
rate=0.09245
stop=8.81999999999992
time=8.829999999999856
