angle=80.0
collision=None
direction=none
rate=0.11745000000000003
stop=8.81999999999992
time=8.829999999999856
