angle=61.64543733908389
collision=None
direction=none
rate=0.10245000000000001
stop=8.81999999999992
time=8.829999999999856
