angle=80.0
collision=None
direction=none
rate=0.13745000000000004
stop=8.76999999999992
time=8.779999999999857
