angle=80.0
collision=None
direction=none
rate=0.15245000000000006
stop=8.81999999999992
time=8.829999999999856
