angle=77.24994288947187
collision=None
direction=none
rate=0.11245000000000002
stop=8.76999999999992
time=8.779999999999857
