angle=69.94759579052952
collision=None
direction=none
rate=0.10745000000000002
stop=8.81999999999992
time=8.829999999999856
