angle=58.640273703622725
collision=None
direction=none
rate=0.09745000000000001
stop=8.81999999999992
time=8.829999999999856
