angle=52.77032109250744
collision=1
direction=none
rate=0.08745
stop=8.81999999999992
time=8.829999999999856
