angle=66.94243215506836
collision=None
direction=none
rate=0.10245000000000001
stop=8.81999999999992
time=8.829999999999856
