angle=76.536610434534
collision=None
direction=none
rate=0.12245000000000003
stop=8.81999999999992
time=8.829999999999856
