angle=80.0
collision=None
direction=none
rate=0.14745000000000005
stop=8.869999999999921
time=8.879999999999855
