angle=69.95332536848083
collision=None
direction=none
rate=0.11245000000000002
stop=8.81999999999992
time=8.829999999999856
