angle=76.17278223462588
collision=None
direction=none
rate=0.04902
stop=10.239999999999899
time=10.249999999999826
