angle=73.3641431228946
collision=None
direction=none
rate=0.04902
stop=10.2899999999999
time=10.299999999999825
