angle=67.74686489943201
collision=None
direction=none
rate=0.04902
stop=10.239999999999899
time=10.249999999999826
