angle=59.938023109594035
collision=None
direction=none
rate=0.075
stop=8.219999999999926
time=8.229999999999869
