angle=78.26121339787775
collision=None
direction=none
rate=0.08
stop=8.219999999999926
time=8.229999999999869
