angle=14.896902673401405
collision=None
direction=none
rate=0.026
stop=9.709999999999894
time=9.719999999999837
