angle=32.773185881483094
collision=None
direction=none
rate=0.026
stop=9.709999999999894
time=9.719999999999837
