angle=65.79651656480671
collision=None
direction=none
rate=0.10745000000000002
stop=8.329999999999925
time=8.339999999999867
