angle=80.0
collision=None
direction=none
rate=0.14245000000000005
stop=8.329999999999925
time=8.339999999999867
