angle=80.0
collision=None
direction=none
rate=0.15745000000000006
stop=8.229999999999924
time=8.239999999999869
