angle=63.79689385980013
collision=None
direction=none
rate=0.11245000000000002
stop=8.229999999999924
time=8.239999999999869
