angle=47.473326276522975
collision=1
direction=none
rate=0.08745
stop=8.279999999999925
time=8.289999999999868
