angle=49.33257432172249
collision=1
direction=none
rate=0.08245
stop=8.279999999999925
time=8.289999999999868
