angle=56.51230845250684
collision=None
direction=none
rate=0.04902
stop=11.329999999999865
time=11.339999999999803
