angle=79.4013994101881
collision=None
direction=none
rate=0.12745000000000004
stop=8.219999999999926
time=8.229999999999869
