angle=43.46835128855852
collision=1
direction=none
rate=0.08745
stop=8.269999999999927
time=8.279999999999868
