angle=73.09886366374906
collision=None
direction=none
rate=0.10745000000000002
stop=8.269999999999927
time=8.279999999999868
