angle=80.0
collision=None
direction=none
rate=0.15745000000000006
stop=8.269999999999927
time=8.279999999999868
