angle=38.73194695084366
collision=None
direction=none
rate=0.026
stop=11.099999999999868
time=11.109999999999808
