angle=26.814424812122525
collision=None
direction=none
rate=0.026
stop=11.099999999999868
time=11.109999999999808
