angle=20.855663742761966
collision=None
direction=none
rate=0.026
stop=11.099999999999868
time=11.109999999999808
