ApertureWidth=40
ProductionSpeed=0.01
RadiusMultiplier=3.0
VisionMultiplier=1.135
WalkingRate=0.0128
angle=69.00000000000004
collision=None
direction=none
distance=2.327200174331665
rate=0.017453292519943295
stop=10.639999999999905
time=10.649999999999817
width=0.4934
