ApertureWidth=40
ProductionSpeed=0.01
RadiusMultiplier=3.0
VisionMultiplier=1.135
WalkingRate=0.0128
angle=77.60000000000002
collision=None
direction=none
distance=2.352800130844116
rate=0.020943951023931952
stop=10.619999999999903
time=10.629999999999818
width=0.4839
