ApertureWidth=40
ProductionSpeed=0.01
RadiusMultiplier=3.0
VisionMultiplier=1.135
WalkingRate=0.0128
angle=64.00000000000004
collision=None
direction=none
distance=2.352800130844116
rate=0.017453292519943295
stop=10.6099999999999
time=10.619999999999818
width=0.4908
