ApertureWidth=40
ProductionSpeed=0.01
RadiusMultiplier=3.0
VisionMultiplier=1.135
WalkingRate=0.0128
angle=95.60000000000007
collision=None
direction=none
distance=2.352800130844116
rate=0.024434609527920613
stop=10.619999999999903
time=10.629999999999818
width=0.4908
