ApertureWidth=70
ProductionSpeed=0.05
RadiusMultiplier=3.0
VisionMultiplier=1.135
WalkingRate=0.0128
angle=29.999999999999996
collision=None
direction=none
distance=2.4040000438690186
rate=0.08726646259971647
stop=10.299999999999905
time=10.309999999999825
width=0.4839
