ApertureWidth=40
ProductionSpeed=0.05
RadiusMultiplier=3.0
VisionMultiplier=1.135
WalkingRate=0.0128
angle=86.0
collision=None
direction=none
distance=2.3400001525878906
rate=0.10471975511965977
stop=10.259999999999911
time=10.269999999999825
width=0.4908
