ApertureWidth=40
ProductionSpeed=0.025
RadiusMultiplier=3.0
VisionMultiplier=1.135
WalkingRate=0.0128
angle=70.99999999999999
collision=None
direction=none
distance=2.371999979019165
rate=0.05235987755982988
stop=10.28999999999991
time=10.299999999999825
width=0.4839
