ApertureWidth=40
ProductionSpeed=0.01
RadiusMultiplier=3.0
VisionMultiplier=1.135
WalkingRate=0.0128
angle=86.00000000000003
collision=None
direction=none
distance=2.327200174331665
rate=0.020943951023931952
stop=10.639999999999905
time=10.649999999999817
width=0.4934
