ApertureWidth=40
ProductionSpeed=0.025
RadiusMultiplier=3.0
VisionMultiplier=1.135
WalkingRate=0.0128
angle=84.99999999999997
collision=None
direction=none
distance=2.3400001525878906
rate=0.04363323129985824
stop=10.259999999999911
time=10.269999999999825
width=0.4908
