ApertureWidth=55
ProductionSpeed=0.01
RadiusMultiplier=3.0
VisionMultiplier=1.135
WalkingRate=0.0128
angle=50.8
collision=None
direction=none
distance=2.365600109100342
rate=0.024434609527920613
stop=10.949999999999868
time=10.95999999999981
width=0.4839
