ApertureWidth=40
ProductionSpeed=0.05
RadiusMultiplier=3.0
VisionMultiplier=1.135
WalkingRate=0.0128
angle=69.0
collision=None
direction=none
distance=2.3400001525878906
rate=0.12217304763960307
stop=10.28999999999991
time=10.299999999999825
width=0.4839
