ApertureWidth=70
ProductionSpeed=0.025
RadiusMultiplier=3.0
VisionMultiplier=1.135
WalkingRate=0.0128
angle=24.0
collision=None
direction=none
distance=2.371999979019165
rate=0.05235987755982988
stop=10.284999999999906
time=10.289999999999825
width=0.4908
