ApertureWidth=70
ProductionSpeed=0.01
RadiusMultiplier=3.0
VisionMultiplier=1.135
WalkingRate=0.0128
angle=11.2
collision=None
direction=none
distance=2.4040000438690186
rate=0.024434609527920613
stop=10.95999999999989
time=10.96999999999981
width=0.4839
