ApertureWidth=55
ProductionSpeed=0.01
RadiusMultiplier=3.0
VisionMultiplier=1.135
WalkingRate=0.0128
angle=44.000000000000014
collision=None
direction=none
distance=2.3400001525878906
rate=0.017453292519943295
stop=10.949999999999893
time=10.95999999999981
width=0.4934
