angle=69.68403520476936
collision=None
direction=none
rate=0.055
stop=8.319999999999927
time=8.329999999999867
