angle=52.64140558860299
collision=1
direction=none
rate=0.055
stop=8.269999999999927
time=8.279999999999868
