angle=43.76055976407523
collision=1
direction=none
rate=0.06
stop=8.269999999999927
time=8.279999999999868
