angle=59.08431599484911
collision=None
direction=none
rate=0.06
stop=8.219999999999926
time=8.229999999999869
