angle=63.09502056076488
collision=None
direction=none
rate=0.06
stop=8.319999999999927
time=8.329999999999867
