angle=70.25126342194888
collision=None
direction=none
rate=0.06
stop=8.269999999999927
time=8.279999999999868
