angle=43.03576815323475
collision=1
direction=none
rate=0.08245
stop=8.289999999999926
time=8.299999999999867
