angle=56.06769320348532
collision=None
direction=none
rate=0.09745000000000001
stop=8.239999999999926
time=8.249999999999869
