angle=63.93726851960719
collision=None
direction=none
rate=0.09745000000000001
stop=8.769999999999925
time=8.779999999999857
