angle=74.67163281138316
collision=None
direction=none
rate=0.10245000000000001
stop=8.769999999999925
time=8.779999999999857
