angle=65.07745453191752
collision=None
direction=none
rate=0.09245
stop=8.719999999999924
time=8.729999999999858
