angle=80.0
collision=None
direction=none
rate=0.11584475000000002
stop=10.139999999999898
time=10.149999999999828
