angle=79.96543338765977
collision=None
direction=none
rate=0.09762350000000002
stop=10.239999999999899
time=10.249999999999826
