angle=80.0
collision=None
direction=none
rate=0.12677750000000002
stop=10.239999999999899
time=10.249999999999826
