angle=80.0
collision=None
direction=none
rate=0.12313325000000003
stop=10.2899999999999
time=10.299999999999825
