angle=80.0
collision=None
direction=none
rate=0.12677750000000002
stop=10.189999999999898
time=10.199999999999827
