angle=-37.24225668350351
collision=None
direction=none
start=3.999999999999995
stop=15.820000000000093
time=15.829999999999707
