angle=72.25375091593109
collision=None
direction=none
rate=0.048
stop=8.799999999999919
time=8.809999999999857
