angle=66.75335608267518
collision=None
direction=none
rate=0.048
stop=8.799999999999919
time=8.809999999999857
