angle=71.9529480734874
collision=None
direction=none
rate=0.10245000000000001
stop=8.279999999999925
time=8.289999999999868
