angle=73.09886366374904
collision=None
direction=none
rate=0.10745000000000002
stop=8.229999999999924
time=8.239999999999869
