angle=42.035956800731455
collision=1
direction=none
rate=0.07744999999999999
stop=8.279999999999925
time=8.289999999999868
