angle=50.19774059237004
collision=1
direction=none
rate=0.09245
stop=8.279999999999925
time=8.289999999999868
