angle=56.63492142066484
collision=None
direction=none
rate=0.09245
stop=8.749999999999924
time=8.759999999999858
