angle=77.10956822966482
collision=None
direction=none
rate=0.12245000000000003
stop=8.749999999999924
time=8.759999999999858
