angle=68.37482664289541
collision=None
direction=none
rate=0.10245000000000001
stop=8.779999999999923
time=8.789999999999857
