angle=70.52055358566034
collision=None
direction=none
rate=0.10245000000000001
stop=8.779999999999923
time=8.789999999999857
