angle=66.94243215506836
collision=None
direction=none
rate=0.10245000000000001
stop=8.799999999999924
time=8.809999999999857
