angle=77.96900492236105
collision=None
direction=none
rate=0.11245000000000002
stop=8.779999999999923
time=8.789999999999857
