angle=71.66646917592199
collision=None
direction=none
rate=0.11245000000000002
stop=8.749999999999924
time=8.759999999999858
