angle=49.051825002108394
collision=None
direction=none
rate=0.09245
stop=8.799999999999924
time=8.809999999999857
