angle=73.67182145887988
collision=None
direction=none
rate=0.11745000000000003
stop=8.779999999999923
time=8.789999999999857
