angle=80.0
collision=None
direction=none
rate=0.13245000000000004
stop=8.799999999999924
time=8.809999999999857
