angle=52.62994643270038
collision=1
direction=none
rate=0.10245000000000001
stop=8.749999999999924
time=8.759999999999858
