angle=80.0
collision=None
direction=none
rate=0.17745000000000008
stop=8.749999999999924
time=8.759999999999858
