angle=80.0
collision=None
direction=none
rate=0.13245000000000004
stop=8.779999999999923
time=8.789999999999857
