angle=63.36431072447636
collision=None
direction=none
rate=0.09745000000000001
stop=8.799999999999924
time=8.809999999999857
