angle=58.78064836342977
collision=None
direction=none
rate=0.09245
stop=8.209999999999924
time=8.21999999999987
