angle=76.24440195901727
collision=None
direction=none
rate=0.10745000000000002
stop=8.209999999999924
time=8.21999999999987
