angle=60.06693861349847
collision=None
direction=none
rate=0.08745
stop=8.209999999999924
time=8.21999999999987
