angle=65.07745453191752
collision=None
direction=none
rate=0.09745000000000001
stop=8.209999999999924
time=8.21999999999987
