angle=63.50468538428341
collision=None
direction=none
rate=0.09745000000000001
stop=8.209999999999924
time=8.21999999999987
