angle=78.44169510334396
collision=None
direction=none
rate=0.10500000000000002
start=3.999999999999995
stop=15.970000000000095
time=15.979999999999704
