angle=63.954457253461094
collision=None
direction=none
rate=0.065
stop=8.269999999999927
time=8.279999999999868
