angle=50.9053434693566
collision=None
direction=none
rate=0.07744999999999999
stop=11.379999999999866
time=11.389999999999802
