angle=55.34290159264483
collision=None
direction=none
rate=0.08245
stop=11.379999999999866
time=11.389999999999802
