angle=44.89501619843426
collision=None
direction=none
rate=0.07244999999999999
stop=11.379999999999866
time=11.389999999999802
