angle=38.62308496976879
collision=None
direction=none
rate=0.062449999999999985
stop=11.379999999999866
time=11.389999999999802
