angle=34.33163108423893
collision=None
direction=none
rate=0.062449999999999985
stop=11.379999999999866
time=11.389999999999802
