angle=62.3874176837783
collision=None
direction=none
rate=0.04
stop=8.219999999999926
time=8.229999999999869
