angle=69.11680698758983
collision=None
direction=none
rate=0.04
stop=8.319999999999927
time=8.329999999999867
