angle=79.5646923818004
collision=None
direction=none
rate=0.06
stop=8.269999999999927
time=8.279999999999868
