angle=76.992111881663
collision=None
direction=none
rate=0.06
stop=8.269999999999927
time=8.279999999999868
