angle=64.24093615102653
collision=None
direction=none
rate=0.06
stop=8.219999999999926
time=8.229999999999869
