angle=64.6792488643016
collision=None
direction=none
rate=0.04
stop=8.219999999999926
time=8.229999999999869
