angle=60.38206540082043
collision=None
direction=none
rate=0.04
stop=8.219999999999926
time=8.229999999999869
