angle=80.0
collision=None
direction=none
rate=0.10745000000000002
stop=8.119999999999923
time=8.129999999999871
