angle=80.0
collision=None
direction=none
rate=0.15245000000000006
stop=8.149999999999926
time=8.15999999999987
