angle=15.756339366097636
collision=None
direction=none
rate=0.0125
stop=9.689999999999884
time=9.699999999999838
