angle=8.594366926962348
collision=None
direction=none
rate=0.0125
stop=9.689999999999884
time=9.699999999999838
