angle=64.4042291226388
collision=None
direction=none
rate=0.09500000000000001
start=3.999999999999995
stop=8.469999999999988
time=8.479999999999864
