angle=62.931727589152594
collision=None
direction=none
rate=0.09245
start=3.999999999999995
stop=8.61999999999999
time=8.62999999999986
