ApertureWidth=40
RadiusMultiplier=1.9
VisionMultiplier=1.3
WalkingRate=0.0128
angle=74.83206099401981
collision=None
direction=none
rate=0.033
stop=10.789999999999885
time=10.799999999999814
width=0.4903
