ApertureWidth=55
RadiusMultiplier=1.9
VisionMultiplier=1.0
WalkingRate=0.0177
angle=11.344564343590301
collision=None
direction=none
rate=0.033
stop=11.109999999999854
time=11.119999999999807
width=0.4899
