ApertureWidth=40
RadiusMultiplier=1.9
VisionMultiplier=1.139
WalkingRate=0.0128
angle=71.05053954615637
collision=None
direction=none
rate=0.033
stop=10.769999999999884
time=10.779999999999815
width=0.4746
