ApertureWidth=40
RadiusMultiplier=1.9
VisionMultiplier=1.2
WalkingRate=0.0177
angle=65.37825737436123
collision=None
direction=none
rate=0.033
stop=10.789999999999885
time=10.799999999999814
width=0.4903
