ApertureWidth=55
RadiusMultiplier=1.9
VisionMultiplier=1.146
WalkingRate=0.0128
angle=57.81521447863436
collision=None
direction=none
rate=0.033
stop=11.109999999999864
time=11.119999999999807
width=0.4961
