ApertureWidth=55
RadiusMultiplier=1.9
VisionMultiplier=1.136
WalkingRate=0.0128
angle=26.470650135044036
collision=None
direction=none
rate=0.033
stop=11.159999999999872
time=11.169999999999806
width=0.4755
