ApertureWidth=55
RadiusMultiplier=1.9
VisionMultiplier=1.3
WalkingRate=0.0177
angle=69.15977882222467
collision=None
direction=none
rate=0.033
stop=11.129999999999873
time=11.139999999999807
width=0.4820
