ApertureWidth=55
RadiusMultiplier=1.9
VisionMultiplier=1.2
WalkingRate=0.0128
angle=71.05053954615637
collision=None
direction=none
rate=0.033
stop=11.129999999999873
time=11.139999999999807
width=0.4825
