ApertureWidth=40
RadiusMultiplier=1.9
VisionMultiplier=1.1
WalkingRate=0.0128
angle=76.72282171795155
collision=None
direction=none
rate=0.033
stop=10.789999999999885
time=10.799999999999814
width=0.4899
