ApertureWidth=55
RadiusMultiplier=1.9
VisionMultiplier=1.1
WalkingRate=0.0177
angle=22.689128687180602
collision=None
direction=none
rate=0.033
stop=11.129999999999873
time=11.139999999999807
width=0.4820
