ApertureWidth=55
RadiusMultiplier=1.9
VisionMultiplier=1.2
WalkingRate=0.0177
angle=55.92445375470263
collision=None
direction=none
rate=0.033
stop=11.159999999999872
time=11.169999999999806
width=0.4690
