ApertureWidth=40
RadiusMultiplier=1.9
VisionMultiplier=1.1
WalkingRate=0.0177
angle=57.81521447863436
collision=None
direction=none
rate=0.033
stop=10.799999999999883
time=10.809999999999814
width=0.4690
