ApertureWidth=40
RadiusMultiplier=1.9
VisionMultiplier=1.125
WalkingRate=0.0128
angle=67.26901809829295
collision=None
direction=none
rate=0.033
stop=10.799999999999883
time=10.809999999999814
width=0.4656
