ApertureWidth=55
RadiusMultiplier=1.9
VisionMultiplier=1.14
WalkingRate=0.0128
angle=67.26901809829295
collision=None
direction=none
rate=0.033
stop=11.109999999999864
time=11.119999999999807
width=0.4938
