ApertureWidth=40
RadiusMultiplier=1.9
VisionMultiplier=1.2
WalkingRate=0.0177
angle=72.9413002700881
collision=None
direction=none
rate=0.033
stop=10.769999999999884
time=10.779999999999815
width=0.4820
