angle=41.76666663701999
collision=1
direction=none
rate=0.03
stop=8.219999999999926
time=8.229999999999869
