angle=57.23652710555223
collision=None
direction=none
rate=0.03
stop=8.269999999999927
time=8.279999999999868
