angle=54.94469592502893
collision=1
direction=none
rate=0.03
stop=8.269999999999927
time=8.279999999999868
