angle=49.641971531093155
collision=None
direction=none
rate=0.03
stop=8.219999999999926
time=8.229999999999869
