angle=53.79878033476728
collision=None
direction=none
rate=0.03
stop=8.269999999999927
time=8.279999999999868
