angle=53.51230143720186
collision=None
direction=none
rate=0.03
stop=8.219999999999926
time=8.229999999999869
