angle=47.32722203876462
collision=1
direction=none
rate=0.07744999999999999
stop=8.189999999999925
time=8.19999999999987
