angle=80.0
collision=None
direction=none
rate=0.11745000000000003
stop=8.189999999999925
time=8.19999999999987
