angle=70.37444934790199
collision=None
direction=none
rate=0.09745000000000001
stop=8.189999999999925
time=8.19999999999987
