angle=73.83511443049217
collision=None
direction=none
rate=0.055
stop=8.219999999999926
time=8.229999999999869
