angle=52.208822453279225
collision=1
direction=none
rate=0.055
stop=8.269999999999927
time=8.279999999999868
