angle=69.83013944252771
collision=None
direction=none
rate=0.055
stop=8.269999999999927
time=8.279999999999868
