angle=11.344564343590301
collision=None
direction=none
rate=0.033
stop=9.159999999999908
time=9.169999999999849
