angle=25.783100780887043
collision=None
direction=none
rate=0.025
stop=11.129999999999873
time=11.139999999999807
