angle=11.459155902616466
collision=None
direction=none
rate=0.025
stop=11.129999999999873
time=11.139999999999807
