angle=20.05352282957881
collision=None
direction=none
rate=0.025
stop=11.129999999999873
time=11.139999999999807
