angle=53.483653547445314
collision=None
direction=none
rate=0.08245
start=3.999999999999995
stop=8.61999999999999
time=8.62999999999986
