angle=38.62308496976879
collision=1
direction=none
rate=0.062449999999999985
start=3.999999999999995
stop=8.61999999999999
time=8.62999999999986
