angle=80.0
collision=None
direction=none
rate=0.09762350000000002
stop=10.219999999999898
time=10.229999999999826
