angle=69.40500475854063
collision=None
direction=none
rate=0.09397925000000001
stop=10.269999999999898
time=10.279999999999825
