angle=80.0
collision=None
direction=none
rate=0.12313325000000003
stop=10.269999999999898
time=10.279999999999825
