angle=80.0
collision=None
direction=none
rate=0.10855625000000002
stop=10.169999999999897
time=10.179999999999827
