angle=70.9531367209841
collision=None
direction=none
rate=0.11745000000000003
stop=8.209999999999926
time=8.21999999999987
