angle=60.645625986580605
collision=None
direction=none
rate=0.11245000000000002
stop=8.209999999999926
time=8.21999999999987
