angle=52.48384219494203
collision=None
direction=none
rate=0.08745
stop=8.209999999999926
time=8.21999999999987
