angle=64.510226314738
collision=None
direction=none
rate=0.10245000000000001
stop=8.259999999999927
time=8.269999999999868
