angle=80.0
collision=None
direction=none
rate=0.11745000000000003
start=3.999999999999995
stop=8.469999999999988
time=8.479999999999864
