angle=64.52741504859193
collision=None
direction=none
rate=0.05
stop=8.269999999999927
time=8.279999999999868
