angle=58.79783709728369
collision=None
direction=none
rate=0.05
stop=8.219999999999926
time=8.229999999999869
