angle=73.84084400844347
collision=None
direction=none
rate=0.05
stop=8.219999999999926
time=8.229999999999869
