angle=63.673707933847005
collision=None
direction=none
rate=0.05
stop=8.219999999999926
time=8.229999999999869
