angle=52.21455203123053
collision=1
direction=none
rate=0.05
stop=8.269999999999927
time=8.279999999999868
