angle=42.88966391547639
collision=None
direction=none
rate=0.06744999999999998
stop=9.82999999999988
time=9.839999999999835
