angle=46.75426424363379
collision=None
direction=none
rate=0.07244999999999999
stop=9.82999999999988
time=9.839999999999835
