angle=15.727691476341096
collision=None
direction=none
rate=0.042449999999999995
stop=9.82999999999988
time=9.839999999999835
