angle=45.754452891130505
collision=None
direction=none
rate=0.07244999999999999
stop=9.82999999999988
time=9.839999999999835
