angle=50.9053434693566
collision=None
direction=none
rate=0.07744999999999999
stop=9.82999999999988
time=9.839999999999835
