angle=26.029472632793293
collision=None
direction=none
rate=0.05244999999999999
stop=9.82999999999988
time=9.839999999999835
