angle=-69.84732817638162
collision=None
direction=none
rate=0.10000000000000002
start=3.999999999999995
stop=15.970000000000095
time=15.979999999999704
