angle=68.70141258611997
collision=None
direction=none
rate=0.09500000000000001
start=3.999999999999995
stop=15.970000000000095
time=15.979999999999704
