APRatio=None
AgentWidth=0.41772351127120744
AgentWithBarWidth=None
ApertureWidth=55
BarRatio=None
ProductionSpeed=0.01
RadiusMultiplier=3
VisionConstant=0.03
VisionMultiplier=1.14
WalkingRate=0.0128
angle=0.0
collision=None
direction=none
distance=2.583199977874756
rate=0.020943951023931952
stop=11.02999999999985
time=11.039999999999809
width=0.4180
