angle=76.84600764390466
collision=None
direction=none
rate=0.07
stop=8.269999999999927
time=8.279999999999868
