angle=77.68252602479565
collision=None
direction=none
rate=0.12745000000000004
stop=8.769999999999925
time=8.779999999999857
