angle=67.22891105263376
collision=None
direction=none
rate=0.11245000000000002
stop=8.819999999999926
time=8.829999999999856
