angle=79.54177406999516
collision=None
direction=none
rate=0.12245000000000003
stop=8.769999999999925
time=8.779999999999857
