angle=76.39050619677563
collision=None
direction=none
rate=0.11745000000000003
stop=8.769999999999925
time=8.779999999999857
