angle=63.07783182691095
collision=None
direction=none
rate=0.10745000000000002
stop=8.819999999999926
time=8.829999999999856
