angle=64.6735192863503
collision=None
direction=none
rate=0.05
stop=8.269999999999927
time=8.279999999999868
