angle=68.2573702948936
collision=None
direction=none
rate=0.05
stop=8.269999999999927
time=8.279999999999868
