angle=70.9531367209841
collision=None
direction=none
rate=0.10745000000000002
stop=8.279999999999925
time=8.289999999999868
