angle=71.52036493816362
collision=None
direction=none
rate=0.10745000000000002
stop=8.279999999999925
time=8.289999999999868
