angle=44.754641538627226
collision=1
direction=none
rate=0.09745000000000001
stop=8.229999999999924
time=8.239999999999869
