angle=60.06693861349847
collision=None
direction=none
rate=0.08745
stop=8.179999999999923
time=8.18999999999987
