angle=65.07745453191752
collision=None
direction=none
rate=0.09245
stop=8.179999999999923
time=8.18999999999987
