angle=68.51520130270247
collision=None
direction=none
rate=0.09745000000000001
stop=8.179999999999923
time=8.18999999999987
