angle=80.0
collision=None
direction=none
rate=0.12245000000000003
stop=8.179999999999923
time=8.18999999999987
