angle=79.4013994101881
collision=None
direction=none
rate=0.12245000000000003
stop=8.239999999999926
time=8.249999999999869
