angle=60.49952174882224
collision=None
direction=none
rate=0.09245
stop=8.239999999999926
time=8.249999999999869
