angle=64.36412207697964
collision=None
direction=none
rate=0.10245000000000001
stop=8.289999999999926
time=8.299999999999867
