angle=66.65595325750294
collision=None
direction=none
rate=0.11245000000000002
stop=8.239999999999926
time=8.249999999999869
