angle=18.621128341751756
collision=None
direction=none
rate=0.0125
stop=11.099999999999874
time=11.109999999999808
