angle=15.756339366097636
collision=None
direction=none
rate=0.0125
stop=11.099999999999874
time=11.109999999999808
