angle=5.729577951308233
collision=None
direction=none
rate=0.0125
stop=11.099999999999874
time=11.109999999999808
