angle=4.297183463481175
collision=None
direction=none
rate=0.0125
stop=11.099999999999874
time=11.109999999999808
