angle=47.13185863533087
collision=None
direction=none
rate=0.10588506634304484
stop=9.859999999999891
time=9.869999999999834
