angle=41.03041587027686
collision=1
direction=none
rate=0.06744999999999998
start=3.999999999999995
stop=8.61999999999999
time=8.62999999999986
