APRatio=0.9
AgentWidth=0.41882149802397284
AgentWithBarWidth=1.0470537450599322
ApertureWidth=94.2348370553939
BarRatio=2.5
ProductionSpeed=0.01
RadiusMultiplier=3
VisionMultiplier=1.139
WalkingRate=0.0128
angle=65.60010663263583
collision=None
direction=none
distance=0.9192001223564148
rate=0.020944
stop=10.239999999999949
time=10.249999999999826
width=0.9855
