APRatio=1.1
AgentWidth=0.41882149802397284
AgentWithBarWidth=0.41882149802397284
ApertureWidth=46.07036478263702
BarRatio=1.0
ProductionSpeed=0.01
RadiusMultiplier=3
VisionMultiplier=1.139
WalkingRate=0.0128
angle=50.00007015304991
collision=1
direction=none
distance=2.5703999996185303
rate=0.020944
stop=11.039999999999885
time=11.049999999999809
width=0.4191
