APRatio=0.9
AgentWidth=0.3915917416149326
AgentWithBarWidth=0.9789793540373316
ApertureWidth=88.10814186335983
BarRatio=2.5
ProductionSpeed=0.01
RadiusMultiplier=3
VisionMultiplier=1.139
WalkingRate=0.0128
angle=56.00008418365987
collision=None
direction=none
distance=1.2776000499725342
rate=0.020944
stop=10.659999999999929
time=10.669999999999817
width=0.8615
