APRatio=1.0
AgentWidth=0.4488896022565704
AgentWithBarWidth=1.1222240056414259
ApertureWidth=112.22240056414259
BarRatio=2.5
ProductionSpeed=0.01
RadiusMultiplier=3
VisionMultiplier=1.139
WalkingRate=0.0128
angle=72.80012346936779
collision=None
direction=none
distance=0.45840010046958923
rate=0.020944
stop=10.409999999999895
time=10.419999999999822
width=1.1320
