APRatio=0.9
AgentWidth=0.4488896022565704
AgentWithBarWidth=0.6733344033848556
ApertureWidth=60.600096304637
BarRatio=1.5
ProductionSpeed=0.01
RadiusMultiplier=3
VisionMultiplier=1.139
WalkingRate=0.0128
angle=84.80015153058778
collision=None
direction=none
distance=1.8024001121520996
rate=0.020944
stop=10.829999999999911
time=10.839999999999813
width=0.6792
