APRatio=1.1
AgentWidth=0.4488896022565704
AgentWithBarWidth=0.4488896022565704
ApertureWidth=49.37785624822274
BarRatio=1.0
ProductionSpeed=0.01
RadiusMultiplier=3
VisionMultiplier=1.139
WalkingRate=0.0128
angle=58.40008979590386
collision=None
direction=none
distance=2.480800151824951
rate=0.020944
stop=10.999999999999888
time=11.00999999999981
width=0.4528
