APRatio=0.9
AgentWidth=0.3915917416149326
AgentWithBarWidth=0.5873876124223989
ApertureWidth=52.864885118015906
BarRatio=1.5
ProductionSpeed=0.01
RadiusMultiplier=3
VisionMultiplier=1.139
WalkingRate=0.0128
angle=66.80010943875783
collision=None
direction=none
distance=2.288800001144409
rate=0.020944
stop=10.939999999999895
time=10.949999999999811
width=0.5169
