APRatio=1.1
AgentWidth=0.3915917416149326
AgentWithBarWidth=0.3915917416149326
ApertureWidth=43.07509157764259
BarRatio=1.0
ProductionSpeed=0.01
RadiusMultiplier=3
VisionMultiplier=1.139
WalkingRate=0.0128
angle=42.800053316317936
collision=1
direction=none
distance=2.647200107574463
rate=0.020944
stop=11.029999999999882
time=11.039999999999809
width=0.3919
