APRatio=1.1
AgentWidth=0.39928497150550724
AgentWithBarWidth=0.9982124287637681
ApertureWidth=109.8033671640145
BarRatio=2.5
ProductionSpeed=0.01
RadiusMultiplier=3
VisionMultiplier=1.139
WalkingRate=0.0128
angle=21.600050510195928
collision=None
direction=none
distance=1.1880000829696655
rate=0.020944
stop=10.619999999999864
time=10.629999999999818
width=0.8957
