APRatio=1.0
AgentWidth=0.41882149802397284
AgentWithBarWidth=0.41882149802397284
ApertureWidth=41.88214980239729
BarRatio=1.0
ProductionSpeed=0.01
RadiusMultiplier=3
VisionMultiplier=1.139
WalkingRate=0.0128
angle=65.60010663263583
collision=None
direction=none
distance=2.5703999996185303
rate=0.020944
stop=11.039999999999885
time=11.049999999999809
width=0.4191
