APRatio=1.1
AgentWidth=0.39928497150550724
AgentWithBarWidth=0.39928497150550724
ApertureWidth=43.9213468656058
BarRatio=1.0
ProductionSpeed=0.01
RadiusMultiplier=3
VisionMultiplier=1.139
WalkingRate=0.0128
angle=51.2000729591719
collision=1
direction=none
distance=2.6216001510620117
rate=0.020944
stop=11.049999999999883
time=11.059999999999809
width=0.3996
