APRatio=1.0
AgentWidth=0.4433850959066214
AgentWithBarWidth=1.1084627397665536
ApertureWidth=110.84627397665535
BarRatio=2.5
ProductionSpeed=0.01
RadiusMultiplier=3
VisionMultiplier=1.139
WalkingRate=0.0128
angle=76.40013188773378
collision=None
direction=none
distance=0.5736001133918762
rate=0.020944
stop=10.439999999999898
time=10.449999999999822
width=1.1044
