APRatio=1.0
AgentWidth=0.3915917416149326
AgentWithBarWidth=0.3915917416149326
ApertureWidth=39.15917416149326
BarRatio=1.0
ProductionSpeed=0.01
RadiusMultiplier=3
VisionMultiplier=1.139
WalkingRate=0.0128
angle=63.20010102039184
collision=None
direction=none
distance=2.647200107574463
rate=0.020944
stop=11.029999999999882
time=11.039999999999809
width=0.3919
