APRatio=1.1
AgentWidth=0.39928497150550724
AgentWithBarWidth=0.5989274572582609
ApertureWidth=65.88202029840869
BarRatio=1.5
ProductionSpeed=0.01
RadiusMultiplier=3
VisionMultiplier=1.139
WalkingRate=0.0128
angle=9.60002244897597
collision=None
direction=none
distance=2.2248001098632812
rate=0.020944
stop=10.929999999999897
time=10.939999999999811
width=0.5374
