APRatio=1.0
AgentWidth=0.39928497150550724
AgentWithBarWidth=0.39928497150550724
ApertureWidth=39.928497150550726
BarRatio=1.0
ProductionSpeed=0.01
RadiusMultiplier=3
VisionMultiplier=1.139
WalkingRate=0.0128
angle=59.60009260202586
collision=None
direction=none
distance=2.6216001510620117
rate=0.020944
stop=11.029999999999877
time=11.039999999999809
width=0.3996
