APRatio=1.0
AgentWidth=0.4433850959066214
AgentWithBarWidth=0.4433850959066214
ApertureWidth=44.33850959066214
BarRatio=1.0
ProductionSpeed=0.01
RadiusMultiplier=3
VisionMultiplier=1.139
WalkingRate=0.0128
angle=75.20012908161178
collision=None
direction=none
distance=2.480800151824951
rate=0.020944
stop=10.999999999999888
time=11.00999999999981
width=0.4437
