APRatio=1.0
AgentWidth=0.4488896022565704
AgentWithBarWidth=0.4488896022565704
ApertureWidth=44.88896022565704
BarRatio=1.0
ProductionSpeed=0.01
RadiusMultiplier=3
VisionMultiplier=1.139
WalkingRate=0.0128
angle=76.40013188773378
collision=None
direction=none
distance=2.4552001953125
rate=0.020944
stop=11.01999999999989
time=11.02999999999981
width=0.4528
