APRatio=0.9
AgentWidth=0.4433850959066214
AgentWithBarWidth=0.4433850959066214
ApertureWidth=39.90465863159593
BarRatio=1.0
ProductionSpeed=0.01
RadiusMultiplier=3
VisionMultiplier=1.139
WalkingRate=0.0128
angle=70.4001178571238
collision=None
direction=none
distance=2.4936001300811768
rate=0.020944
stop=10.669999999999899
time=10.679999999999817
width=0.4437
