APRatio=1.1
AgentWidth=0.41882149802397284
AgentWithBarWidth=0.6282322470359593
ApertureWidth=69.10554717395553
BarRatio=1.5
ProductionSpeed=0.01
RadiusMultiplier=3
VisionMultiplier=1.139
WalkingRate=0.0128
angle=16.800039285707946
collision=None
direction=none
distance=2.0840001106262207
rate=0.020944
stop=10.879999999999901
time=10.889999999999812
width=0.5913
