angle=27.501974166279513
collision=None
direction=none
rate=0.048
stop=9.159999999999908
time=9.169999999999849
