ApertureWidth=70
ProductionSpeed=0.01
RadiusMultiplier=3.0
VisionMultiplier=1.135
WalkingRate=0.0128
angle=10.0
collision=None
direction=none
distance=2.4296000003814697
rate=0.017453292519943295
stop=10.98999999999989
time=10.99999999999981
width=0.4764
