angle=76.53088085658268
collision=None
direction=none
rate=0.10745000000000002
stop=8.179999999999923
time=8.18999999999987
