angle=59.067127260995186
collision=None
direction=none
rate=0.08745
stop=8.179999999999923
time=8.18999999999987
