angle=68.80168020026787
collision=None
direction=none
rate=0.09745000000000001
stop=8.179999999999923
time=8.18999999999987
