angle=50.9053434693566
collision=1
direction=none
rate=0.07744999999999999
stop=8.179999999999923
time=8.18999999999987
