angle=75.95792306145185
collision=None
direction=none
rate=0.10245000000000001
stop=8.179999999999923
time=8.18999999999987
