angle=49.61905321928791
collision=1
direction=none
rate=0.07744999999999999
start=3.999999999999995
stop=8.61999999999999
time=8.62999999999986
