angle=80.0
collision=None
direction=none
rate=0.11745000000000003
start=3.999999999999995
stop=8.61999999999999
time=8.62999999999986
