angle=41.77239621497129
collision=1
direction=none
rate=0.02
stop=8.269999999999927
time=8.279999999999868
