angle=42.772207567474574
collision=1
direction=none
rate=0.02
stop=8.219999999999926
time=8.229999999999869
