angle=40.480376386951285
collision=1
direction=none
rate=0.02
stop=8.219999999999926
time=8.229999999999869
