angle=47.355869928521166
collision=1
direction=none
rate=0.02
stop=8.269999999999927
time=8.279999999999868
