angle=41.62629197721293
collision=1
direction=none
rate=0.02
stop=8.219999999999926
time=8.229999999999869
