angle=46.20995433825952
collision=None
direction=none
rate=0.02
stop=8.269999999999927
time=8.279999999999868
