angle=36.66929888837269
collision=1
direction=none
rate=0.02
stop=8.269999999999927
time=8.279999999999868
