angle=38.66892159337926
collision=1
direction=none
rate=0.02
stop=8.219999999999926
time=8.229999999999869
