angle=0.0
collision=None
direction=none
rate=0.01745
stop=11.599999999999838
time=11.609999999999797
