angle=52.62421685474907
collision=None
direction=none
rate=0.08245
stop=8.699999999999926
time=8.709999999999859
