angle=56.63492142066484
collision=None
direction=none
rate=0.09245
stop=8.699999999999926
time=8.709999999999859
