angle=58.49416946586437
collision=None
direction=none
rate=0.08745
stop=8.699999999999926
time=8.709999999999859
