angle=63.07783182691095
collision=None
direction=none
rate=0.09745000000000001
stop=8.699999999999926
time=8.709999999999859
