angle=62.07802047440766
collision=None
direction=none
rate=0.10245000000000001
stop=8.699999999999926
time=8.709999999999859
