angle=77.39604712723023
collision=None
direction=none
rate=0.10745000000000002
stop=8.699999999999926
time=8.709999999999859
