angle=77.96900492236105
collision=None
direction=none
rate=0.11745000000000003
stop=8.749999999999927
time=8.759999999999858
