collision=None
start=3.999999999999995
stop=4.869999999999992
time=4.87999999999994
