angle=32.03979990371563
collision=None
direction=none
rate=0.05744999999999999
stop=9.82999999999988
time=9.839999999999835
