angle=68.22872240513705
collision=None
direction=none
rate=0.09745000000000001
stop=9.82999999999988
time=9.839999999999835
