angle=58.20769056829894
collision=None
direction=none
rate=0.08745
stop=9.82999999999988
time=9.839999999999835
