angle=53.483653547445314
collision=None
direction=none
rate=0.08245
stop=9.82999999999988
time=9.839999999999835
