angle=49.33257432172249
collision=None
direction=none
rate=0.07744999999999999
stop=9.82999999999988
time=9.839999999999835
