angle=38.62308496976879
collision=None
direction=none
rate=0.062449999999999985
stop=9.82999999999988
time=9.839999999999835
