angle=35.47754667450057
collision=None
direction=none
rate=0.062449999999999985
stop=9.82999999999988
time=9.839999999999835
