angle=41.60337366540769
collision=1
direction=none
rate=0.07744999999999999
stop=8.269999999999927
time=8.279999999999868
