angle=57.348253875602715
collision=None
direction=none
rate=0.08745
stop=8.269999999999927
time=8.279999999999868
