angle=73.2392383235561
collision=None
direction=none
rate=0.10245000000000001
stop=8.219999999999926
time=8.229999999999869
