angle=40.46318765309734
collision=1
direction=none
rate=0.09745000000000001
stop=8.219999999999926
time=8.229999999999869
