angle=38.50276383279132
collision=None
direction=none
rate=0.048
stop=11.129999999999873
time=11.139999999999807
