angle=16.50118449976771
collision=None
direction=none
rate=0.048
stop=11.129999999999873
time=11.139999999999807
