angle=42.00157933302361
collision=None
direction=none
rate=0.048
stop=11.129999999999873
time=11.139999999999807
