angle=47.759805174088385
collision=1
direction=none
rate=0.09745000000000001
stop=8.809999999999922
time=8.819999999999856
