angle=77.96900492236105
collision=None
direction=none
rate=0.11245000000000002
stop=8.809999999999922
time=8.819999999999856
