angle=71.09351138079117
collision=None
direction=none
rate=0.10245000000000001
stop=8.789999999999921
time=8.799999999999857
