angle=51.624405502245786
collision=None
direction=none
rate=0.08245
stop=8.73999999999992
time=8.749999999999858
