angle=66.08299546237211
collision=None
direction=none
rate=0.09745000000000001
stop=8.789999999999921
time=8.799999999999857
