angle=72.81238476618364
collision=None
direction=none
rate=0.10245000000000001
stop=8.789999999999921
time=8.799999999999857
