angle=80.0
collision=None
direction=none
rate=0.14745000000000005
stop=8.759999999999922
time=8.769999999999857
