angle=71.81257341368035
collision=None
direction=none
rate=0.10745000000000002
stop=8.73999999999992
time=8.749999999999858
