angle=62.21839513421471
collision=None
direction=none
rate=0.10745000000000002
stop=8.809999999999922
time=8.819999999999856
