angle=46.90036848139216
collision=None
direction=none
rate=0.07744999999999999
stop=8.789999999999921
time=8.799999999999857
