angle=59.49971039631896
collision=None
direction=none
rate=0.09745000000000001
stop=8.789999999999921
time=8.799999999999857
