angle=70.09370002828788
collision=None
direction=none
rate=0.10245000000000001
stop=8.73999999999992
time=8.749999999999858
