angle=49.51878560514001
collision=None
direction=none
rate=0.0644
stop=9.859999999999891
time=9.869999999999834
