angle=77.754145749187
collision=None
direction=none
rate=0.048
stop=10.709999999999885
time=10.719999999999816
