angle=69.50355349930314
collision=None
direction=none
rate=0.048
stop=10.709999999999885
time=10.719999999999816
