angle=53.442400586195895
collision=None
direction=none
rate=0.04864
stop=10.269999999999898
time=10.279999999999825
