angle=64.58986744826119
collision=None
direction=none
rate=0.04864
stop=10.219999999999898
time=10.229999999999826
