angle=61.80300073274487
collision=None
direction=none
rate=0.04864
stop=10.219999999999898
time=10.229999999999826
