angle=33.70366934077555
collision=None
direction=none
rate=0.04902
stop=11.309999999999864
time=11.319999999999803
