angle=79.25529517242975
collision=None
direction=none
rate=0.11745000000000003
stop=8.199999999999926
time=8.20999999999987
