angle=59.07285683894649
collision=None
direction=none
rate=0.10745000000000002
stop=8.249999999999927
time=8.259999999999868
