angle=80.0
collision=None
direction=none
rate=0.15745000000000006
stop=8.199999999999926
time=8.20999999999987
