angle=68.80168020026787
collision=None
direction=none
rate=0.11745000000000003
stop=8.249999999999927
time=8.259999999999868
