angle=60.78600064638766
collision=None
direction=none
rate=0.11745000000000003
stop=8.299999999999928
time=8.309999999999867
