angle=80.0
collision=None
direction=none
rate=0.12745000000000004
stop=8.249999999999927
time=8.259999999999868
