angle=47.636619248135254
collision=1
direction=none
rate=0.05
stop=8.219999999999926
time=8.229999999999869
