angle=53.06825914597545
collision=1
direction=none
rate=0.05
stop=8.269999999999927
time=8.279999999999868
