angle=66.39239267174277
collision=None
direction=none
rate=0.05
stop=8.219999999999926
time=8.229999999999869
