angle=71.8354917254856
collision=None
direction=none
rate=0.05
stop=8.219999999999926
time=8.229999999999869
