angle=54.50638321175383
collision=None
direction=none
rate=0.05
stop=8.269999999999927
time=8.279999999999868
