angle=71.98159596324396
collision=None
direction=none
rate=0.05
stop=8.219999999999926
time=8.229999999999869
