angle=50.00293494202556
collision=1
direction=none
start=3.999999999999995
stop=15.67000000000009
time=15.67999999999971
