angle=76.25013153696858
collision=None
direction=none
rate=0.11745000000000003
stop=8.269999999999927
time=8.279999999999868
