angle=80.0
collision=None
direction=none
rate=0.17745000000000008
stop=8.219999999999926
time=8.229999999999869
