angle=74.09867501625234
collision=None
direction=none
rate=0.10745000000000002
stop=8.269999999999927
time=8.279999999999868
