angle=65.07745453191752
collision=None
direction=none
rate=0.09245
stop=8.219999999999926
time=8.229999999999869
