angle=79.68787830775352
collision=None
direction=none
rate=0.12745000000000004
stop=8.269999999999927
time=8.279999999999868
