angle=60.06693861349847
collision=None
direction=none
rate=0.08745
start=3.999999999999995
stop=8.61999999999999
time=8.62999999999986
