angle=72.98140731574725
collision=None
direction=none
rate=0.07
stop=8.219999999999926
time=8.229999999999869
