angle=65.959809536419
collision=None
direction=none
rate=0.07
stop=8.219999999999926
time=8.229999999999869
