angle=47.619430514281326
collision=1
direction=none
rate=0.07
stop=8.269999999999927
time=8.279999999999868
