angle=77.986193656215
collision=None
direction=none
rate=0.07
stop=8.219999999999926
time=8.229999999999869
