angle=57.078963711891234
collision=None
direction=none
rate=0.07
stop=8.269999999999927
time=8.279999999999868
