angle=42.60891459586229
collision=1
direction=none
rate=0.07
stop=8.219999999999926
time=8.229999999999869
