angle=73.25642705741005
collision=None
direction=none
rate=0.07
stop=8.219999999999926
time=8.229999999999869
