angle=57.242256683503506
collision=1
direction=none
rate=0.085
start=3.999999999999995
stop=8.61999999999999
time=8.62999999999986
