angle=73.52571722112151
collision=None
direction=none
rate=0.10245000000000001
stop=9.839999999999895
time=9.849999999999834
