angle=67.36928571244081
collision=None
direction=none
rate=0.09745000000000001
stop=9.889999999999896
time=9.899999999999833
