angle=80.0
collision=None
direction=none
rate=0.11745000000000003
stop=9.839999999999895
time=9.849999999999834
