angle=79.25529517242975
collision=None
direction=none
rate=0.11245000000000002
stop=9.889999999999896
time=9.899999999999833
