angle=31.759050584101526
collision=None
direction=none
rate=0.06744999999999998
stop=9.889999999999896
time=9.899999999999833
