angle=75.67717374183776
collision=None
direction=none
rate=0.11245000000000002
stop=9.889999999999896
time=9.899999999999833
