angle=66.94243215506836
collision=None
direction=none
rate=0.10745000000000002
stop=9.839999999999895
time=9.849999999999834
