angle=50.9053434693566
collision=None
direction=none
rate=0.07744999999999999
stop=9.889999999999896
time=9.899999999999833
