angle=72.66628052842528
collision=None
direction=none
rate=0.10245000000000001
stop=9.889999999999896
time=9.899999999999833
