angle=68.80168020026787
collision=None
direction=none
rate=0.09745000000000001
stop=9.839999999999895
time=9.849999999999834
