angle=68.37482664289541
collision=None
direction=none
rate=0.10245000000000001
stop=9.889999999999896
time=9.899999999999833
