angle=76.67698509434103
collision=None
direction=none
rate=0.10745000000000002
stop=9.889999999999896
time=9.899999999999833
