angle=57.207879215795664
collision=None
direction=none
rate=0.09245
stop=9.839999999999895
time=9.849999999999834
