angle=60.06693861349847
collision=None
direction=none
rate=0.08745
stop=9.889999999999896
time=9.899999999999833
