angle=69.66111689296412
collision=None
direction=none
rate=0.10245000000000001
stop=9.889999999999896
time=9.899999999999833
