angle=80.0
collision=None
direction=none
rate=0.11745000000000003
stop=9.889999999999896
time=9.899999999999833
