angle=49.905532116853315
collision=None
direction=none
rate=0.08245
stop=9.839999999999895
time=9.849999999999834
