angle=60.06693861349847
collision=None
direction=none
rate=0.08745
stop=9.839999999999895
time=9.849999999999834
