angle=74.38515391381775
collision=None
direction=none
rate=0.10245000000000001
stop=8.159999999999926
time=8.16999999999987
