angle=0.0
collision=None
direction=none
rate=0.01745
stop=10.039999999999871
time=10.04999999999983
