angle=49.04609542415709
collision=None
direction=none
rate=0.08245
stop=8.279999999999925
time=8.289999999999868
