angle=59.78618929388438
collision=None
direction=none
rate=0.09745000000000001
stop=8.279999999999925
time=8.289999999999868
