angle=63.50468538428341
collision=None
direction=none
rate=0.09245
stop=8.279999999999925
time=8.289999999999868
