angle=49.765157457046264
collision=1
direction=none
rate=0.08745
stop=8.279999999999925
time=8.289999999999868
