angle=75.2503201844653
collision=None
direction=none
rate=0.11745000000000003
stop=8.229999999999924
time=8.239999999999869
