angle=52.48384219494203
collision=1
direction=none
rate=0.09745000000000001
stop=8.279999999999925
time=8.289999999999868
