angle=79.54177406999516
collision=None
direction=none
rate=0.11245000000000002
stop=8.279999999999925
time=8.289999999999868
