angle=44.1816837434964
collision=1
direction=none
rate=0.09245
stop=8.279999999999925
time=8.289999999999868
