angle=58.65746243747665
collision=None
direction=none
rate=0.06
stop=8.269999999999927
time=8.279999999999868
