angle=69.39755630720394
collision=None
direction=none
rate=0.06
stop=8.219999999999926
time=8.229999999999869
