angle=72.1162410450997
collision=None
direction=none
rate=0.06
stop=8.219999999999926
time=8.229999999999869
