angle=76.12694561101546
collision=None
direction=none
rate=0.06
stop=8.269999999999927
time=8.279999999999868
