angle=64.36412207697964
collision=None
direction=none
rate=0.09745000000000001
stop=8.719999999999924
time=8.729999999999858
