angle=52.051259059618246
collision=None
direction=none
rate=0.08245
stop=8.719999999999924
time=8.729999999999858
