angle=48.186658731460845
collision=None
direction=none
rate=0.07744999999999999
stop=8.719999999999924
time=8.729999999999858
