angle=70.6666578234187
collision=None
direction=none
rate=0.10745000000000002
stop=8.769999999999925
time=8.779999999999857
