angle=64.07764317941424
collision=None
direction=none
rate=0.09245
stop=8.769999999999925
time=8.779999999999857
