angle=44.60853730086886
collision=None
direction=none
rate=0.07244999999999999
stop=8.719999999999924
time=8.729999999999858
