angle=44.754641538627226
collision=None
direction=none
rate=0.08245
stop=8.769999999999925
time=8.779999999999857
