angle=72.81238476618364
collision=None
direction=none
rate=0.10245000000000001
stop=8.719999999999924
time=8.729999999999858
