angle=64.36412207697964
collision=None
direction=none
rate=0.09745000000000001
stop=8.729999999999922
time=8.739999999999858
