angle=71.23388604059822
collision=None
direction=none
rate=0.10245000000000001
stop=8.729999999999922
time=8.739999999999858
