angle=80.0
collision=None
direction=none
rate=0.17745000000000008
stop=8.699999999999923
time=8.709999999999859
