angle=80.0
collision=None
direction=none
rate=0.1924500000000001
stop=8.699999999999923
time=8.709999999999859
