angle=72.37980163085987
collision=None
direction=none
rate=0.10245000000000001
stop=8.699999999999923
time=8.709999999999859
