angle=40.00195662801704
collision=None
direction=none
start=3.999999999999995
stop=15.820000000000093
time=15.829999999999707
