angle=75.67717374183776
collision=None
direction=none
rate=0.12245000000000003
stop=8.259999999999927
time=8.269999999999868
