angle=80.0
collision=None
direction=none
rate=0.16245000000000007
stop=8.259999999999927
time=8.269999999999868
