angle=59.93229353164273
collision=None
direction=none
rate=0.11745000000000003
stop=8.259999999999927
time=8.269999999999868
