angle=77.13248654147002
collision=None
direction=none
rate=0.065
stop=8.219999999999926
time=8.229999999999869
