angle=74.38515391381775
collision=None
direction=none
rate=0.10245000000000001
stop=8.209999999999924
time=8.21999999999987
