angle=50.9053434693566
collision=None
direction=none
rate=0.08245
stop=8.209999999999924
time=8.21999999999987
