angle=70.37444934790199
collision=None
direction=none
rate=0.09745000000000001
stop=8.209999999999924
time=8.21999999999987
