angle=47.0407431411992
collision=1
direction=none
rate=0.07744999999999999
stop=8.209999999999924
time=8.21999999999987
