angle=74.67163281138316
collision=None
direction=none
rate=0.10245000000000001
stop=8.209999999999924
time=8.21999999999987
