angle=32.45232951620983
collision=None
direction=none
rate=0.0708
stop=9.309999999999905
time=9.319999999999846
