angle=44.339247137157365
collision=None
direction=none
rate=0.0708
stop=9.309999999999905
time=9.319999999999846
