angle=62.1123979421155
collision=None
direction=none
rate=0.09000000000000001
start=3.999999999999995
stop=8.61999999999999
time=8.62999999999986
