angle=80.0
collision=None
direction=none
rate=0.18245000000000008
stop=8.119999999999923
time=8.129999999999871
