angle=80.0
collision=None
direction=none
rate=0.15745000000000006
stop=8.119999999999923
time=8.129999999999871
