angle=80.0
collision=None
direction=none
rate=0.16245000000000007
stop=8.119999999999923
time=8.129999999999871
