APRatio=1.0
AgentWidth=0.39024773256987194
AgentWithBarWidth=0.9756193314246799
ApertureWidth=97.56193314246799
BarRatio=2.5
ProductionSpeed=0.01
RadiusMultiplier=2.5
VisionMultiplier=1.139
WalkingRate=0.0128
angle=0.0
collision=None
direction=none
rate=0.020944
stop=4.109999999999995
time=4.119999999999957
width=0.8556
