APRatio=1.1
AgentWidth=0.39024773256987194
AgentWithBarWidth=0.39024773256987194
ApertureWidth=42.92725058268592
BarRatio=1.0
ProductionSpeed=0.01
RadiusMultiplier=2.5
VisionMultiplier=1.139
WalkingRate=0.0128
angle=47.600064540805924
collision=1
direction=none
distance=2.8519999980926514
rate=0.020944
stop=11.089999999999876
time=11.099999999999808
width=0.3905
