APRatio=1.1
AgentWidth=0.43489848624295374
AgentWithBarWidth=0.43489848624295374
ApertureWidth=47.838833486724916
BarRatio=1.0
ProductionSpeed=0.01
RadiusMultiplier=2.5
VisionMultiplier=1.139
WalkingRate=0.0128
angle=68.00011224487982
collision=1
direction=none
distance=2.736800193786621
rate=0.020944
stop=11.059999999999876
time=11.069999999999808
width=0.4352
