angle=63.4381793082136
collision=None
direction=none
rate=0.09033500000000001
stop=10.289999999999894
time=10.299999999999825
