angle=71.24001668900611
collision=None
direction=none
rate=0.09033500000000001
stop=10.239999999999894
time=10.249999999999826
