angle=80.0
collision=None
direction=none
rate=0.10491200000000002
stop=10.189999999999893
time=10.199999999999827
