angle=61.93238892683028
collision=None
direction=none
rate=0.08304650000000001
stop=10.189999999999893
time=10.199999999999827
