angle=69.15201524410061
collision=None
direction=none
rate=0.08669075000000001
stop=10.189999999999893
time=10.199999999999827
