angle=77.62444242831424
collision=None
direction=none
rate=0.09033500000000001
stop=10.239999999999894
time=10.249999999999826
