angle=72.32820678140833
collision=None
direction=none
rate=0.09397925000000001
stop=10.239999999999894
time=10.249999999999826
