angle=52.99817208368609
collision=None
direction=none
rate=0.0684695
stop=10.239999999999894
time=10.249999999999826
