angle=78.668443150767
collision=None
direction=none
rate=0.09397925000000001
stop=10.189999999999893
time=10.199999999999827
