angle=80.0
collision=None
direction=none
rate=0.10126775000000002
stop=10.239999999999894
time=10.249999999999826
