angle=68.7344149551195
collision=None
direction=none
rate=0.08304650000000001
stop=10.239999999999894
time=10.249999999999826
