angle=58.63577598493093
collision=None
direction=none
rate=0.07940225000000001
stop=10.239999999999894
time=10.249999999999826
