angle=60.88838820437753
collision=None
direction=none
rate=0.07940225000000001
stop=10.239999999999894
time=10.249999999999826
