angle=74.99841928983602
collision=None
direction=none
rate=0.09397925000000001
stop=10.239999999999894
time=10.249999999999826
