angle=66.27300259118238
collision=None
direction=none
rate=0.08669075000000001
stop=10.239999999999894
time=10.249999999999826
