angle=71.65761697798722
collision=None
direction=none
rate=0.09033500000000001
stop=10.189999999999893
time=10.199999999999827
