angle=57.38297511798764
collision=None
direction=none
rate=0.075758
stop=10.239999999999894
time=10.249999999999826
