angle=56.92118545905708
collision=None
direction=none
rate=0.07211375
stop=10.189999999999893
time=10.199999999999827
