angle=57.80057540696874
collision=None
direction=none
rate=0.075758
stop=10.189999999999893
time=10.199999999999827
