angle=77.80571195074876
collision=None
direction=none
rate=0.06726
stop=8.239999999999924
time=8.249999999999869
