angle=80.0
collision=None
direction=none
rate=0.11245000000000002
stop=8.73999999999992
time=8.749999999999858
