angle=75.2503201844653
collision=None
direction=none
rate=0.11245000000000002
stop=8.789999999999921
time=8.799999999999857
