angle=72.09905231124576
collision=None
direction=none
rate=0.10745000000000002
stop=8.789999999999921
time=8.799999999999857
