angle=80.0
collision=None
direction=none
rate=0.16745000000000007
stop=8.809999999999922
time=8.819999999999856
