angle=61.21858378171143
collision=None
direction=none
rate=0.09745000000000001
stop=8.759999999999922
time=8.769999999999857
