angle=70.80703248322575
collision=None
direction=none
rate=0.10245000000000001
stop=8.789999999999921
time=8.799999999999857
