angle=80.0
collision=None
direction=none
rate=0.13745000000000004
stop=8.809999999999922
time=8.819999999999856
