angle=75.81754840164481
collision=None
direction=none
rate=0.10745000000000002
stop=8.789999999999921
time=8.799999999999857
