angle=58.00371759323237
collision=None
direction=none
start=3.999999999999995
stop=15.62000000000009
time=15.629999999999711
