angle=68.22872240513705
collision=None
direction=none
rate=0.09745000000000001
start=3.999999999999995
stop=8.61999999999999
time=8.62999999999986
