angle=53.05679999007284
collision=None
direction=none
rate=0.09245
stop=8.259999999999925
time=8.269999999999868
