angle=53.056799990072854
collision=1
direction=none
rate=0.09745000000000001
stop=8.259999999999925
time=8.269999999999868
