angle=49.61905321928791
collision=1
direction=none
rate=0.08745
stop=8.309999999999926
time=8.319999999999867
