angle=52.62994643270038
collision=1
direction=none
rate=0.09745000000000001
stop=8.309999999999926
time=8.319999999999867
