angle=70.52055358566034
collision=None
direction=none
rate=0.10245000000000001
stop=8.259999999999925
time=8.269999999999868
