angle=49.19219966191545
collision=1
direction=none
rate=0.08745
stop=8.259999999999925
time=8.269999999999868
