angle=56.63492142066484
collision=None
direction=none
rate=0.09245
stop=8.259999999999925
time=8.269999999999868
