angle=59.78618929388436
collision=1
direction=none
rate=0.10745000000000002
stop=8.309999999999926
time=8.319999999999867
