angle=43.46835128855852
collision=1
direction=none
rate=0.08245
stop=8.259999999999925
time=8.269999999999868
