angle=72.81238476618364
collision=None
direction=none
rate=0.10745000000000002
stop=8.309999999999926
time=8.319999999999867
