angle=57.0617749780373
collision=None
direction=none
rate=0.08745
stop=8.259999999999925
time=8.269999999999868
