angle=75.39069484427233
collision=None
direction=none
rate=0.11245000000000002
stop=8.309999999999926
time=8.319999999999867
