angle=72.52590586861824
collision=None
direction=none
rate=0.11245000000000002
stop=8.209999999999926
time=8.21999999999987
