angle=61.50506267927685
collision=None
direction=none
rate=0.10245000000000001
stop=8.259999999999927
time=8.269999999999868
