angle=79.97435720531894
collision=None
direction=none
rate=0.12745000000000004
stop=8.209999999999926
time=8.21999999999987
