angle=71.52036493816362
collision=None
direction=none
rate=0.10245000000000001
stop=8.159999999999926
time=8.16999999999987
