angle=56.48881718290647
collision=None
direction=none
rate=0.08745
stop=8.159999999999926
time=8.16999999999987
