angle=0.0
collision=None
direction=none
rate=0.01745
stop=11.53999999999984
time=11.549999999999798
