angle=0.0
collision=1
direction=none
rate=0.01
start=3.999999999999995
stop=8.519999999999989
time=8.529999999999863
