angle=80.0
collision=None
direction=none
rate=0.1924500000000001
stop=8.799999999999928
time=8.809999999999857
