angle=80.0
collision=None
direction=none
rate=0.1924500000000001
stop=8.749999999999927
time=8.759999999999858
