angle=80.0
collision=None
direction=none
rate=0.14745000000000005
stop=8.799999999999928
time=8.809999999999857
