angle=80.0
collision=None
direction=none
rate=0.16745000000000007
stop=8.849999999999929
time=8.859999999999856
