angle=80.0
collision=None
direction=none
rate=0.12245000000000003
stop=8.699999999999926
time=8.709999999999859
