angle=75.96365263940316
collision=None
direction=none
rate=0.10745000000000002
stop=8.749999999999927
time=8.759999999999858
