angle=80.0
collision=None
direction=none
rate=0.17245000000000008
stop=8.799999999999928
time=8.809999999999857
