angle=66.95962088892227
collision=None
direction=none
rate=0.065
stop=8.269999999999927
time=8.279999999999868
