angle=70.37444934790199
collision=None
direction=none
rate=0.09745000000000001
start=3.999999999999995
stop=8.369999999999987
time=8.379999999999866
