angle=59.320947564238125
collision=None
direction=none
rate=0.04902
stop=10.239999999999894
time=10.249999999999826
