angle=53.70366934077554
collision=None
direction=none
rate=0.04902
stop=10.189999999999893
time=10.199999999999827
