angle=56.51230845250684
collision=None
direction=none
rate=0.04902
stop=10.239999999999894
time=10.249999999999826
