angle=53.70366934077554
collision=None
direction=none
rate=0.04902
stop=10.239999999999894
time=10.249999999999826
