angle=55.489005830403194
collision=None
direction=none
rate=0.10745000000000002
stop=8.219999999999926
time=8.229999999999869
