angle=51.484030842438735
collision=1
direction=none
rate=0.09245
stop=8.269999999999927
time=8.279999999999868
