angle=78.97454585281564
collision=None
direction=none
rate=0.13245000000000004
stop=8.269999999999927
time=8.279999999999868
