angle=69.23426333559165
collision=None
direction=none
rate=0.10245000000000001
stop=8.269999999999927
time=8.279999999999868
