angle=50.829713040399334
collision=None
direction=none
rate=0.06726
stop=9.309999999999905
time=9.319999999999846
