angle=43.1222847802995
collision=None
direction=none
rate=0.06726
stop=9.309999999999905
time=9.319999999999846
