angle=30.829713040399337
collision=None
direction=none
rate=0.06726
stop=9.309999999999905
time=9.319999999999846
