angle=55.29420018005871
collision=None
direction=none
rate=0.077
stop=9.159999999999908
time=9.169999999999849
