angle=64.11775022507338
collision=None
direction=none
rate=0.077
stop=9.159999999999908
time=9.169999999999849
