angle=22.294933724130594
collision=None
direction=none
rate=0.04864
stop=11.339999999999868
time=11.349999999999802
