angle=16.721200293097944
collision=None
direction=none
rate=0.04864
stop=11.339999999999868
time=11.349999999999802
