angle=69.3860971513013
collision=None
direction=none
rate=0.075
stop=8.269999999999927
time=8.279999999999868
