angle=45.90055712888886
collision=1
direction=none
rate=0.075
stop=8.219999999999926
time=8.229999999999869
