angle=26.470650135044036
collision=None
direction=none
rate=0.033
stop=11.129999999999873
time=11.139999999999807
