angle=15.126085791453734
collision=None
direction=none
rate=0.033
stop=11.129999999999873
time=11.139999999999807
