angle=55.489005830403194
collision=None
direction=none
rate=0.08745
stop=8.689999999999925
time=8.699999999999859
