angle=68.66130554046083
collision=None
direction=none
rate=0.10745000000000002
stop=8.789999999999926
time=8.799999999999857
