angle=67.94224350757165
collision=None
direction=none
rate=0.09745000000000001
stop=8.789999999999926
time=8.799999999999857
