angle=65.36966300743424
collision=None
direction=none
rate=0.10245000000000001
stop=8.739999999999926
time=8.749999999999858
