angle=53.77013244501072
collision=None
direction=none
rate=0.08245
stop=8.689999999999925
time=8.699999999999859
