angle=62.35876979402177
collision=None
direction=none
rate=0.09245
stop=8.739999999999926
time=8.749999999999858
