angle=80.0
collision=None
direction=none
rate=0.11245000000000002
stop=8.689999999999925
time=8.699999999999859
