angle=61.814459888647484
collision=None
direction=none
rate=0.045
stop=8.219999999999926
time=8.229999999999869
