angle=60.66854429838583
collision=None
direction=none
rate=0.045
stop=8.269999999999927
time=8.279999999999868
