angle=-52.00313060482726
collision=None
direction=none
start=3.999999999999995
stop=15.820000000000093
time=15.829999999999707
