angle=49.621918008263556
collision=None
direction=none
rate=0.047
stop=11.11999999999987
time=11.129999999999807
