angle=12.60507149287811
collision=None
direction=none
rate=0.04
start=3.999999999999995
stop=15.470000000000088
time=15.479999999999714
