angle=6.302535746439055
collision=None
direction=none
rate=0.030000000000000002
start=3.999999999999995
stop=15.470000000000088
time=15.479999999999714
