angle=40.91295952227505
collision=None
direction=none
rate=0.06499999999999999
start=3.999999999999995
stop=15.470000000000088
time=15.479999999999714
