angle=-13.750987083139758
collision=None
direction=none
rate=0.04
start=3.999999999999995
stop=15.470000000000088
time=15.479999999999714
