ApertureWidth=50
RadiusMultiplier=3.0
VisionMultiplier=1.139
WalkingRate=0.0177
angle=51.19999999999998
collision=None
direction=none
distance=2.369300127029419
rate=0.020943951023931952
stop=9.01999999999992
time=9.029999999999852
width=0.4936
