ApertureWidth=50
RadiusMultiplier=3.0
VisionMultiplier=1.139
WalkingRate=0.0177
angle=41.59999999999999
collision=None
direction=none
distance=2.4047000408172607
rate=0.020943951023931952
stop=9.039999999999921
time=9.049999999999851
width=0.4807
