ApertureWidth=45
RadiusMultiplier=3.0
VisionMultiplier=1.139
WalkingRate=0.0177
angle=49.99999999999998
collision=None
direction=none
distance=2.333900213241577
rate=0.020943951023931952
stop=8.679999999999925
time=8.68999999999986
width=0.4953
