ApertureWidth=40
RadiusMultiplier=3.0
VisionMultiplier=1.139
WalkingRate=0.0128
angle=63.2
collision=None
direction=none
distance=2.3784000873565674
rate=0.020943951023931952
stop=10.6199999999999
time=10.629999999999818
width=0.4807
