ApertureWidth=45
RadiusMultiplier=3.0
VisionMultiplier=1.139
WalkingRate=0.0177
angle=60.8
collision=None
direction=none
distance=2.333900213241577
rate=0.020943951023931952
stop=8.699999999999928
time=8.709999999999859
width=0.4953
