ApertureWidth=40
RadiusMultiplier=3.0
VisionMultiplier=1.139
WalkingRate=0.0177
angle=53.59999999999999
collision=None
direction=none
distance=2.369300127029419
rate=0.020943951023931952
stop=8.679999999999929
time=8.68999999999986
width=0.4807
