ApertureWidth=45
RadiusMultiplier=3.0
VisionMultiplier=1.139
WalkingRate=0.0177
angle=51.19999999999998
collision=None
direction=none
distance=2.369300127029419
rate=0.020943951023931952
stop=9.059999999999922
time=9.069999999999851
width=0.4902
