angle=15.727691476341096
collision=None
direction=none
rate=0.042449999999999995
stop=9.839999999999895
time=9.849999999999834
