angle=9.436614885804659
collision=None
direction=none
rate=0.03745
stop=9.839999999999895
time=9.849999999999834
