angle=30.04017719870906
collision=None
direction=none
rate=0.05744999999999999
stop=9.839999999999895
time=9.849999999999834
