angle=20.592103157001784
collision=None
direction=none
rate=0.04744999999999999
stop=9.839999999999895
time=9.849999999999834
