angle=5.718118795405616
collision=None
direction=none
rate=0.03245
stop=9.839999999999895
time=9.849999999999834
