angle=52.99817208368609
collision=None
direction=none
rate=0.0684695
stop=10.279999999999891
time=10.289999999999825
