angle=53.45996174261665
collision=None
direction=none
rate=0.07211375
stop=10.22999999999989
time=10.239999999999826
