angle=80.0
collision=None
direction=none
rate=0.10126775000000002
stop=10.22999999999989
time=10.239999999999826
