angle=65.3936126432707
collision=None
direction=none
rate=0.07940225000000001
stop=10.279999999999891
time=10.289999999999825
