angle=69.94302645211334
collision=None
direction=none
rate=0.08304650000000001
stop=10.22999999999989
time=10.239999999999826
