angle=73.28382876396215
collision=None
direction=none
rate=0.09033500000000001
stop=10.279999999999891
time=10.289999999999825
