angle=60.51497728534589
collision=None
direction=none
rate=0.08304650000000001
stop=10.279999999999891
time=10.289999999999825
