angle=67.10820316914457
collision=None
direction=none
rate=0.08669075000000001
stop=10.279999999999891
time=10.289999999999825
