angle=73.11921798942107
collision=None
direction=none
rate=0.09397925000000001
stop=10.279999999999891
time=10.289999999999825
