angle=75.1630300643771
collision=None
direction=none
rate=0.09033500000000001
stop=10.22999999999989
time=10.239999999999826
