angle=66.69060288016347
collision=None
direction=none
rate=0.08669075000000001
stop=10.22999999999989
time=10.239999999999826
