angle=77.04223136479206
collision=None
direction=none
rate=0.09397925000000001
stop=10.22999999999989
time=10.239999999999826
