angle=76.87762059025098
collision=None
direction=none
rate=0.09762350000000002
stop=10.279999999999891
time=10.289999999999825
