angle=67.06401379919511
collision=None
direction=none
rate=0.08304650000000001
stop=10.22999999999989
time=10.239999999999826
