angle=59.217987048453125
collision=None
direction=none
rate=0.07940225000000001
stop=10.22999999999989
time=10.239999999999826
