angle=68.94321509961006
collision=None
direction=none
rate=0.08669075000000001
stop=10.279999999999891
time=10.289999999999825
