angle=59.00918690396258
collision=None
direction=none
rate=0.07940225000000001
stop=10.279999999999891
time=10.289999999999825
