angle=58.67465117133056
collision=None
direction=none
rate=0.085
start=3.999999999999995
stop=8.469999999999988
time=8.479999999999864
