angle=20.053522829578814
collision=1
direction=none
rate=0.045
start=3.999999999999995
stop=8.61999999999999
time=8.62999999999986
