angle=61.79727115479355
collision=None
direction=none
rate=0.075
stop=8.269999999999927
time=8.279999999999868
