angle=63.796893859800115
collision=None
direction=none
rate=0.075
stop=8.219999999999926
time=8.229999999999869
