angle=53.20863380578251
collision=1
direction=none
rate=0.075
stop=8.269999999999927
time=8.279999999999868
