angle=80.0
collision=None
direction=none
rate=0.1874500000000001
stop=8.779999999999927
time=8.789999999999857
