angle=80.0
collision=None
direction=none
rate=0.13745000000000004
stop=8.779999999999927
time=8.789999999999857
