angle=80.0
collision=None
direction=none
rate=0.17745000000000008
stop=8.729999999999926
time=8.739999999999858
