angle=79.96862762736762
collision=None
direction=none
rate=0.11245000000000002
stop=8.679999999999925
time=8.68999999999986
