angle=67.65576461000623
collision=None
direction=none
rate=0.10245000000000001
stop=8.679999999999925
time=8.68999999999986
