angle=80.0
collision=None
direction=none
rate=0.12245000000000003
stop=8.679999999999925
time=8.68999999999986
