angle=80.0
collision=None
direction=none
rate=0.15245000000000006
stop=8.829999999999927
time=8.839999999999856
