angle=60.49952174882224
collision=None
direction=none
rate=0.09745000000000001
stop=8.729999999999926
time=8.739999999999858
