angle=50.88242515755137
collision=None
direction=none
rate=0.077
stop=11.069999999999874
time=11.079999999999808
