angle=77.54215136498858
collision=None
direction=none
rate=0.13245000000000004
stop=8.769999999999925
time=8.779999999999857
