angle=41.03213474366226
collision=None
direction=none
rate=0.06118
stop=9.859999999999891
time=9.869999999999834
