angle=55.365819904450056
collision=None
direction=none
rate=0.04
stop=8.219999999999926
time=8.229999999999869
