angle=58.66319201542796
collision=None
direction=none
rate=0.04
stop=8.219999999999926
time=8.229999999999869
