angle=54.512112789705135
collision=None
direction=none
rate=0.04
stop=8.219999999999926
time=8.229999999999869
