angle=48.490326362880175
collision=1
direction=none
rate=0.04
stop=8.269999999999927
time=8.279999999999868
