angle=45.490892305370316
collision=1
direction=none
rate=0.04
stop=8.269999999999927
time=8.279999999999868
