angle=46.91755721524606
collision=1
direction=none
rate=0.04
stop=8.269999999999927
time=8.279999999999868
