angle=52.07417737142348
collision=1
direction=none
rate=0.04
stop=8.219999999999926
time=8.229999999999869
