angle=67.74686489943201
collision=None
direction=none
rate=0.04902
stop=10.139999999999898
time=10.149999999999828
