angle=62.12958667596943
collision=None
direction=none
rate=0.04902
stop=10.139999999999898
time=10.149999999999828
