angle=67.74686489943201
collision=None
direction=none
rate=0.04902
stop=10.189999999999898
time=10.199999999999827
