angle=69.23999291354293
collision=None
direction=none
rate=0.08
stop=8.219999999999926
time=8.229999999999869
