angle=70.6781169793213
collision=None
direction=none
rate=0.08
stop=8.269999999999927
time=8.279999999999868
