angle=75.98084137325708
collision=None
direction=none
rate=0.08
stop=8.269999999999927
time=8.279999999999868
