angle=69.25145206944555
collision=None
direction=none
rate=0.065
stop=8.219999999999926
time=8.229999999999869
