angle=56.348442523099436
collision=None
direction=none
rate=0.10245000000000001
stop=8.229999999999924
time=8.239999999999869
