angle=66.36947435993753
collision=None
direction=none
rate=0.11745000000000003
stop=8.279999999999925
time=8.289999999999868
