angle=49.19219966191544
collision=None
direction=none
rate=0.09245
stop=8.229999999999924
time=8.239999999999869
