angle=50.9053434693566
collision=None
direction=none
rate=0.07744999999999999
stop=9.839999999999895
time=9.849999999999834
