angle=41.31689476784228
collision=None
direction=none
rate=0.06744999999999998
stop=9.839999999999895
time=9.849999999999834
