angle=29.467219403578238
collision=None
direction=none
rate=0.05744999999999999
stop=9.839999999999895
time=9.849999999999834
