angle=45.181495095999686
collision=None
direction=none
rate=0.07244999999999999
stop=9.839999999999895
time=9.849999999999834
