angle=53.787321178864644
collision=None
direction=none
rate=0.05
stop=8.269999999999927
time=8.279999999999868
