angle=79.01465289847478
collision=None
direction=none
rate=0.11000000000000003
start=3.999999999999995
stop=15.67000000000009
time=15.67999999999971
