angle=-63.544792429942554
collision=None
direction=none
rate=0.09000000000000001
start=3.999999999999995
stop=15.67000000000009
time=15.67999999999971
