angle=80.0
collision=None
direction=none
rate=0.14500000000000005
start=3.999999999999995
stop=15.67000000000009
time=15.67999999999971
