angle=-75.29042723012444
collision=None
direction=none
rate=0.10500000000000002
start=3.999999999999995
stop=15.67000000000009
time=15.67999999999971
