angle=64.96572776186702
collision=None
direction=none
rate=0.04
stop=8.269999999999927
time=8.279999999999868
