angle=65.97126869232162
collision=None
direction=none
rate=0.04
stop=8.219999999999926
time=8.229999999999869
