angle=58.376713117862536
collision=None
direction=none
rate=0.04
stop=8.219999999999926
time=8.229999999999869
