angle=16.042818263663047
collision=1
direction=none
rate=0.01
stop=8.269999999999927
time=8.279999999999868
