angle=18.334649444186343
collision=1
direction=none
rate=0.01
stop=8.269999999999927
time=8.279999999999868
