angle=24.91793451023951
collision=1
direction=none
rate=0.01
stop=8.219999999999926
time=8.229999999999869
