angle=19.18835655893127
collision=1
direction=none
rate=0.01
stop=8.319999999999927
time=8.329999999999867
