angle=45.78310078088705
collision=1
direction=none
rate=0.06999999999999999
start=3.999999999999995
stop=8.469999999999988
time=8.479999999999864
