angle=80.0
collision=None
direction=none
rate=0.075
stop=8.319999999999927
time=8.329999999999867
