angle=50.829713040399334
collision=None
direction=none
rate=0.06726
stop=9.399999999999903
time=9.409999999999844
