angle=46.97599891034942
collision=None
direction=none
rate=0.06726
stop=9.349999999999902
time=9.359999999999845
