angle=53.483653547445314
collision=None
direction=none
rate=0.09245
stop=8.239999999999926
time=8.249999999999869
