angle=74.81773704914153
collision=None
direction=none
rate=0.11245000000000002
stop=8.189999999999925
time=8.19999999999987
