angle=65.08318410986882
collision=None
direction=none
rate=0.11245000000000002
stop=8.289999999999926
time=8.299999999999867
