angle=80.0
collision=None
direction=none
rate=0.10745000000000002
stop=8.239999999999926
time=8.249999999999869
