angle=51.764780162052844
collision=1
direction=none
rate=0.08245
stop=8.159999999999926
time=8.16999999999987
