angle=70.23407468809494
collision=None
direction=none
rate=0.10245000000000001
stop=10.229999999999896
time=10.239999999999826
