angle=64.07764317941424
collision=None
direction=none
rate=0.09745000000000001
stop=10.229999999999896
time=10.239999999999826
