angle=80.0
collision=None
direction=none
rate=0.17745000000000008
stop=10.229999999999896
time=10.239999999999826
