ApertureWidth=40
RadiusMultiplier=3.0
VisionMultiplier=1.139
WalkingRate=0.0177
angle=69.2
collision=None
direction=none
distance=2.3784000873565674
rate=0.020943951023931952
stop=10.649999999999903
time=10.659999999999817
width=0.4807
