ApertureWidth=70
RadiusMultiplier=3.0
VisionMultiplier=1.139
WalkingRate=0.0177
angle=26.4
collision=None
direction=none
distance=2.4296000003814697
rate=0.020943951023931952
stop=10.98999999999989
time=10.99999999999981
width=0.4750
