ApertureWidth=55
RadiusMultiplier=3.0
VisionMultiplier=1.139
WalkingRate=0.0177
angle=48.79999999999998
collision=None
direction=none
distance=2.365600109100342
rate=0.020943951023931952
stop=10.949999999999868
time=10.95999999999981
width=0.4914
