ApertureWidth=40
RadiusMultiplier=3.0
VisionMultiplier=1.139
WalkingRate=0.0177
angle=69.2
collision=None
direction=none
distance=2.352800130844116
rate=0.020943951023931952
stop=10.6099999999999
time=10.619999999999818
width=0.4926
