angle=76.53088085658268
collision=None
direction=none
rate=0.10745000000000002
start=3.999999999999995
stop=8.369999999999987
time=8.379999999999866
