angle=80.0
collision=None
direction=none
rate=0.14745000000000005
start=3.999999999999995
stop=8.369999999999987
time=8.379999999999866
