angle=22.88393433752508
collision=None
direction=none
rate=0.05244999999999999
stop=11.379999999999866
time=11.389999999999802
