angle=41.31689476784228
collision=None
direction=none
rate=0.06744999999999998
stop=11.379999999999866
time=11.389999999999802
