angle=63.218206486717996
collision=None
direction=none
rate=0.09245
stop=11.379999999999866
time=11.389999999999802
