angle=29.467219403578238
collision=None
direction=none
rate=0.05744999999999999
stop=11.379999999999866
time=11.389999999999802
