angle=60.06693861349847
collision=None
direction=none
rate=0.08745
stop=11.379999999999866
time=11.389999999999802
