angle=15.727691476341096
collision=None
direction=none
rate=0.042449999999999995
stop=11.379999999999866
time=11.389999999999802
