angle=28.894261608447415
collision=None
direction=none
rate=0.05744999999999999
stop=11.379999999999866
time=11.389999999999802
