angle=68.80168020026787
collision=None
direction=none
rate=0.09745000000000001
stop=11.379999999999866
time=11.389999999999802
