angle=55.23690440054563
collision=None
direction=none
rate=0.041
stop=11.039999999999875
time=11.049999999999809
