angle=74.02992008083665
collision=None
direction=none
rate=0.041
stop=11.039999999999875
time=11.049999999999809
