angle=78.7281740009094
collision=None
direction=none
rate=0.041
stop=11.039999999999875
time=11.049999999999809
