angle=80.0
collision=None
direction=none
rate=0.12745000000000004
stop=8.189999999999925
time=8.19999999999987
