angle=74.09867501625234
collision=None
direction=none
rate=0.10245000000000001
stop=8.189999999999925
time=8.19999999999987
