angle=60.9263753061947
collision=None
direction=none
rate=0.09245
stop=8.189999999999925
time=8.19999999999987
