ApertureWidth=40
ProductionSpeed=0.025
RadiusMultiplier=2.5
VisionMultiplier=1.141
WalkingRate=0.0128
angle=64.99999999999997
collision=None
direction=none
distance=2.5960001945495605
rate=0.04363323129985824
stop=10.289999999999903
time=10.299999999999825
width=0.4895
