ApertureWidth=55
RadiusMultiplier=3.0
VisionMultiplier=1.137
WalkingRate=0.0128
angle=14.999999999999998
collision=None
direction=none
distance=2.5960001945495605
rate=0.04363323129985824
stop=10.329999999999899
time=10.339999999999824
width=0.4038
