ApertureWidth=55
ProductionSpeed=0.025
RadiusMultiplier=3.0
VisionMultiplier=1.139
WalkingRate=0.0128
angle=49.99999999999999
collision=None
direction=none
distance=2.3400001525878906
rate=0.04363323129985824
stop=10.289999999999907
time=10.299999999999825
width=0.4895
