ApertureWidth=55
RadiusMultiplier=3.0
VisionMultiplier=1.139
WalkingRate=0.0128
angle=0.0
collision=None
direction=none
distance=2.6600000858306885
rate=1.0471975511965976
stop=9.689999999999914
time=9.699999999999838
width=0.3970
