ApertureWidth=40
ProductionSpeed=0.05
RadiusMultiplier=2.5
VisionMultiplier=1.137
WalkingRate=0.0128
angle=45.0
collision=None
direction=none
distance=2.6600000858306885
rate=0.08726646259971647
stop=10.309999999999901
time=10.319999999999824
width=0.4796
