ApertureWidth=40
ProductionSpeed=0.05
RadiusMultiplier=2.5
VisionMultiplier=1.143
WalkingRate=0.0128
angle=59.99999999999999
collision=None
direction=none
distance=2.5960001945495605
rate=0.08726646259971647
stop=10.289999999999903
time=10.299999999999825
width=0.4895
