ApertureWidth=40
ProductionSpeed=0.025
RadiusMultiplier=3.0
VisionMultiplier=1.141
WalkingRate=0.0128
angle=67.49999999999997
collision=None
direction=none
distance=2.371999979019165
rate=0.04363323129985824
stop=10.28999999999991
time=10.299999999999825
width=0.4796
