ApertureWidth=55
RadiusMultiplier=2.5
VisionMultiplier=1.139
WalkingRate=0.0128
angle=25.0
collision=None
direction=none
distance=2.820000171661377
rate=0.04363323129985824
stop=10.389999999999892
time=10.399999999999823
width=0.4038
