ApertureWidth=40
RadiusMultiplier=2.5
VisionMultiplier=1.137
WalkingRate=0.0128
angle=64.99999999999999
collision=None
direction=none
distance=2.8519999980926514
rate=0.05235987755982988
stop=10.36999999999989
time=10.379999999999823
width=0.3889
