ApertureWidth=40
ProductionSpeed=0.025
RadiusMultiplier=2.5
VisionMultiplier=1.143
WalkingRate=0.0128
angle=70.99999999999999
collision=None
direction=none
distance=2.628000020980835
rate=0.05235987755982988
stop=10.329999999999902
time=10.339999999999824
width=0.4711
