ApertureWidth=40
RadiusMultiplier=2.5
VisionMultiplier=1.143
WalkingRate=0.0128
angle=0.0
collision=None
direction=none
rate=1.0471975511965976
stop=9.65999999999989
time=9.669999999999838
width=0.3970
