ApertureWidth=40
ProductionSpeed=0.025
RadiusMultiplier=3.0
VisionMultiplier=1.137
WalkingRate=0.0128
angle=56.0
collision=None
direction=none
distance=2.371999979019165
rate=0.05235987755982988
stop=10.25499999999991
time=10.259999999999826
width=0.4796
