ApertureWidth=40
ProductionSpeed=0.025
RadiusMultiplier=3.0
VisionMultiplier=1.139
WalkingRate=0.0128
angle=62.49999999999998
collision=None
direction=none
distance=2.4040000438690186
rate=0.04363323129985824
stop=10.269999999999909
time=10.279999999999825
width=0.4711
