ApertureWidth=55
RadiusMultiplier=3.0
VisionMultiplier=1.137
WalkingRate=0.0128
angle=70.0
collision=None
direction=none
distance=2.6600000858306885
rate=0.8726646259971648
stop=9.689999999999914
time=9.699999999999838
width=0.3970
