ApertureWidth=40
ProductionSpeed=0.05
RadiusMultiplier=3.0
VisionMultiplier=1.141
WalkingRate=0.0128
angle=70.0
collision=None
direction=none
distance=2.3400001525878906
rate=0.08726646259971647
stop=10.249999999999911
time=10.259999999999826
width=0.4895
