ApertureWidth=55
ProductionSpeed=0.025
RadiusMultiplier=2.5
VisionMultiplier=1.137
WalkingRate=0.0128
angle=42.5
collision=None
direction=none
distance=2.5960001945495605
rate=0.04363323129985824
stop=10.329999999999899
time=10.339999999999824
width=0.4895
