ApertureWidth=40
ProductionSpeed=0.025
RadiusMultiplier=2.5
VisionMultiplier=1.137
WalkingRate=0.0128
angle=62.0
collision=None
direction=none
distance=2.5960001945495605
rate=0.05235987755982988
stop=10.289999999999903
time=10.299999999999825
width=0.4895
