ApertureWidth=55
ProductionSpeed=0.05
RadiusMultiplier=2.5
VisionMultiplier=1.139
WalkingRate=0.0128
angle=48.00000000000001
collision=None
direction=none
distance=2.5960001945495605
rate=0.12217304763960307
stop=10.329999999999899
time=10.339999999999824
width=0.4895
