ApertureWidth=40
RadiusMultiplier=3.0
VisionMultiplier=1.139
WalkingRate=0.0128
angle=64.99999999999999
collision=None
direction=none
distance=2.5960001945495605
rate=0.05235987755982988
stop=10.329999999999899
time=10.339999999999824
width=0.4038
