ApertureWidth=55
ProductionSpeed=0.05
RadiusMultiplier=2.5
VisionMultiplier=1.135
WalkingRate=0.0128
angle=62.0
collision=None
direction=none
distance=2.5960001945495605
rate=0.10471975511965977
stop=10.329999999999899
time=10.339999999999824
width=0.4895
