ApertureWidth=55
RadiusMultiplier=3.0
VisionMultiplier=1.135
WalkingRate=0.0128
angle=10.0
collision=None
direction=none
distance=2.6600000858306885
rate=0.04363323129985824
stop=10.339999999999897
time=10.349999999999824
width=0.3889
