ApertureWidth=55
ProductionSpeed=0.05
RadiusMultiplier=2.5
VisionMultiplier=1.139
WalkingRate=0.0128
angle=0.0
collision=None
direction=none
distance=2.6600000858306885
rate=0.08726646259971647
stop=10.339999999999897
time=10.349999999999824
width=0.4711
