ApertureWidth=40
ProductionSpeed=0.05
RadiusMultiplier=3.0
VisionMultiplier=1.143
WalkingRate=0.0128
angle=74.0
collision=None
direction=none
distance=2.4040000438690186
rate=0.10471975511965977
stop=10.269999999999909
time=10.279999999999825
width=0.4711
