ApertureWidth=55
RadiusMultiplier=3.0
VisionMultiplier=1.139
WalkingRate=0.0128
angle=40.99999999999999
collision=None
direction=none
distance=2.628000020980835
rate=0.061086523819801536
stop=10.324999999999898
time=10.329999999999824
width=0.3970
