ApertureWidth=55
ProductionSpeed=0.025
RadiusMultiplier=2.5
VisionMultiplier=1.139
WalkingRate=0.0128
angle=25.0
collision=None
direction=none
distance=2.628000020980835
rate=0.04363323129985824
stop=10.324999999999898
time=10.329999999999824
width=0.4796
