ApertureWidth=40
RadiusMultiplier=3.0
VisionMultiplier=1.137
WalkingRate=0.0128
angle=51.49999999999999
collision=None
direction=none
distance=2.628000020980835
rate=0.061086523819801536
stop=10.359999999999898
time=10.369999999999823
width=0.3970
