ApertureWidth=40
RadiusMultiplier=2.5
VisionMultiplier=1.135
WalkingRate=0.0128
angle=58.99999999999999
collision=None
direction=none
distance=2.820000171661377
rate=0.05235987755982988
stop=10.389999999999892
time=10.399999999999823
width=0.4038
