ApertureWidth=55
RadiusMultiplier=2.5
VisionMultiplier=1.137
WalkingRate=0.0128
angle=0.0
collision=None
direction=none
rate=0.8726646259971648
stop=9.65999999999989
time=9.669999999999838
width=0.3970
