ApertureWidth=55
ProductionSpeed=0.05
RadiusMultiplier=3.0
VisionMultiplier=1.143
WalkingRate=0.0128
angle=28.0
collision=None
direction=none
distance=2.4040000438690186
rate=0.12217304763960307
stop=10.299999999999905
time=10.309999999999825
width=0.4711
