ApertureWidth=55
ProductionSpeed=0.05
RadiusMultiplier=3.0
VisionMultiplier=1.141
WalkingRate=0.0128
angle=56.0
collision=None
direction=none
distance=2.3400001525878906
rate=0.10471975511965977
stop=10.279999999999907
time=10.289999999999825
width=0.4895
