ApertureWidth=40
RadiusMultiplier=2.5
VisionMultiplier=1.135
WalkingRate=0.0128
angle=47.5
collision=None
direction=none
distance=2.820000171661377
rate=0.04363323129985824
stop=10.389999999999892
time=10.399999999999823
width=0.3970
