ApertureWidth=40
RadiusMultiplier=3.0
VisionMultiplier=1.139
WalkingRate=0.0128
angle=68.0
collision=None
direction=none
distance=2.628000020980835
rate=0.05235987755982988
stop=10.359999999999898
time=10.369999999999823
width=0.3970
