ApertureWidth=40
RadiusMultiplier=2.5
VisionMultiplier=1.135
WalkingRate=0.0128
angle=0.0
collision=1
direction=none
rate=1.2217304763960306
stop=9.65999999999989
time=9.669999999999838
width=0.4038
