ApertureWidth=55
RadiusMultiplier=3.0
VisionMultiplier=1.143
WalkingRate=0.0128
angle=14.999999999999998
collision=None
direction=none
distance=2.628000020980835
rate=0.04363323129985824
stop=10.324999999999898
time=10.329999999999824
width=0.3970
