ApertureWidth=40
ProductionSpeed=0.025
RadiusMultiplier=2.5
VisionMultiplier=1.141
WalkingRate=0.0128
angle=49.99999999999999
collision=None
direction=none
distance=2.628000020980835
rate=0.04363323129985824
stop=10.294999999999902
time=10.299999999999825
width=0.4711
