angle=80.0
collision=None
direction=none
rate=0.14245000000000005
stop=8.81999999999992
time=8.829999999999856
