angle=45.181495095999686
collision=None
direction=none
rate=0.07244999999999999
stop=8.76999999999992
time=8.779999999999857
