angle=73.38534256131446
collision=None
direction=none
rate=0.10745000000000002
stop=8.76999999999992
time=8.779999999999857
