angle=50.33811525217708
collision=None
direction=none
rate=0.08245
stop=8.76999999999992
time=8.779999999999857
