angle=55.202526932837785
collision=None
direction=none
rate=0.08745
stop=8.76999999999992
time=8.779999999999857
