angle=68.22872240513705
collision=None
direction=none
rate=0.10245000000000001
stop=8.81999999999992
time=8.829999999999856
