angle=61.072479543953065
collision=None
direction=none
rate=0.09245
stop=8.76999999999992
time=8.779999999999857
