angle=74.38515391381775
collision=None
direction=none
rate=0.10245000000000001
stop=8.76999999999992
time=8.779999999999857
