angle=79.39566983223679
collision=None
direction=none
rate=0.10745000000000002
stop=8.76999999999992
time=8.779999999999857
