angle=66.65595325750294
collision=None
direction=none
rate=0.09745000000000001
stop=8.76999999999992
time=8.779999999999857
